0.9e-6 2.7e-025 0.0
1e-006 2.7e-025 0.0
1.2e-006 7.6601e-027 -1.1911e-027
1.40059e-006 7.6601e-027 -1.1911e-027
1.40071e-006 7.6601e-027 -1.23767e-027
1.40084e-006 7.6601e-027 -1.28425e-027
1.40096e-006 7.6601e-027 -1.33082e-027
1.40109e-006 7.6601e-027 -1.37739e-027
1.40122e-006 7.6601e-027 -1.42397e-027
1.40134e-006 7.6601e-027 -1.47054e-027
1.40147e-006 7.6601e-027 -1.51712e-027
1.40159e-006 7.65469e-027 -1.56369e-027
1.40172e-006 7.64499e-027 -1.61026e-027
1.40184e-006 7.6353e-027 -1.65684e-027
1.40197e-006 7.62561e-027 -1.70341e-027
1.40209e-006 7.61592e-027 -1.74998e-027
1.40222e-006 7.60623e-027 -1.79656e-027
1.40234e-006 7.59653e-027 -1.84313e-027
1.40247e-006 7.58684e-027 -1.8897e-027
1.40259e-006 7.57715e-027 -1.92274e-027
1.40272e-006 7.56746e-027 -1.9166e-027
1.40284e-006 7.55777e-027 -1.91047e-027
1.40297e-006 7.54808e-027 -1.90433e-027
1.4031e-006 7.53838e-027 -1.8982e-027
1.40322e-006 7.52869e-027 -1.89206e-027
1.40335e-006 7.519e-027 -1.88593e-027
1.40347e-006 7.50931e-027 -1.87979e-027
1.4036e-006 7.54981e-027 -1.87366e-027
1.40372e-006 7.60301e-027 -1.86752e-027
1.40385e-006 7.65621e-027 -1.86139e-027
1.40397e-006 7.70941e-027 -1.85525e-027
1.4041e-006 7.76261e-027 -1.84912e-027
1.40422e-006 7.81581e-027 -1.84298e-027
1.40435e-006 7.86901e-027 -1.83685e-027
1.40447e-006 7.92221e-027 -1.83071e-027
1.4046e-006 7.97541e-027 -1.80423e-027
1.40472e-006 8.02861e-027 -1.75639e-027
1.40485e-006 8.08182e-027 -1.70856e-027
1.40498e-006 8.13502e-027 -1.66072e-027
1.4051e-006 8.18822e-027 -1.61289e-027
1.40523e-006 8.24142e-027 -1.56505e-027
1.40535e-006 8.29462e-027 -1.51722e-027
1.40548e-006 8.34773e-027 -1.46938e-027
1.4056e-006 8.38644e-027 -1.42155e-027
1.40573e-006 8.42515e-027 -1.37371e-027
1.40585e-006 8.46386e-027 -1.32588e-027
1.40598e-006 8.50257e-027 -1.27804e-027
1.4061e-006 8.54128e-027 -1.23021e-027
1.40623e-006 8.57998e-027 -1.18237e-027
1.40635e-006 8.61869e-027 -1.13454e-027
1.40648e-006 8.6574e-027 -1.0867e-027
1.40661e-006 8.69611e-027 -1.08494e-027
1.40673e-006 8.73482e-027 -1.10303e-027
1.40686e-006 8.77353e-027 -1.12113e-027
1.40698e-006 8.81224e-027 -1.13922e-027
1.40711e-006 8.85095e-027 -1.15732e-027
1.40723e-006 8.88966e-027 -1.17542e-027
1.40736e-006 8.92836e-027 -1.19351e-027
1.40748e-006 8.966e-027 -1.21161e-027
1.40761e-006 8.99988e-027 -1.2297e-027
1.40773e-006 9.03375e-027 -1.2478e-027
1.40786e-006 9.06763e-027 -1.2659e-027
1.40798e-006 9.10151e-027 -1.28399e-027
1.40811e-006 9.13538e-027 -1.30209e-027
1.40823e-006 9.16926e-027 -1.32018e-027
1.40836e-006 9.20313e-027 -1.33828e-027
1.40849e-006 9.23701e-027 -1.35638e-027
1.40861e-006 9.27088e-027 -1.27034e-027
1.40874e-006 9.30476e-027 -1.17785e-027
1.40886e-006 9.33863e-027 -1.08537e-027
1.40899e-006 9.37251e-027 -9.9288e-028
1.40911e-006 9.40638e-027 -9.00395e-028
1.40924e-006 9.44026e-027 -8.0791e-028
1.40936e-006 9.47413e-027 -7.15425e-028
1.40949e-006 9.51861e-027 -6.2294e-028
1.40961e-006 9.57664e-027 -5.30454e-028
1.40974e-006 9.63467e-027 -4.37969e-028
1.40986e-006 9.6927e-027 -3.45484e-028
1.40999e-006 9.75072e-027 -2.52999e-028
1.41011e-006 9.80875e-027 -1.60514e-028
1.41024e-006 9.86678e-027 -1.03675e-028
1.41037e-006 9.92481e-027 -6.63764e-029
1.41049e-006 9.98284e-027 -2.9078e-029
1.41062e-006 1.00409e-026 8.22041e-030
1.41074e-006 1.00989e-026 4.55188e-029
1.41087e-006 1.01569e-026 8.28172e-029
1.41099e-006 1.0215e-026 1.20116e-028
1.41112e-006 1.0273e-026 1.57414e-028
1.41124e-006 1.0331e-026 1.94712e-028
1.41137e-006 1.0389e-026 2.32011e-028
1.41149e-006 1.04294e-026 2.69309e-028
1.41162e-006 1.04601e-026 3.06608e-028
1.41174e-006 1.04907e-026 3.43906e-028
1.41187e-006 1.05214e-026 3.81204e-028
1.412e-006 1.0552e-026 4.18503e-028
1.41212e-006 1.05827e-026 4.55801e-028
1.41225e-006 1.06133e-026 4.88944e-028
1.41237e-006 1.0644e-026 5.17981e-028
1.4125e-006 1.06746e-026 5.47019e-028
1.41262e-006 1.07053e-026 5.76056e-028
1.41275e-006 1.07359e-026 6.05094e-028
1.41287e-006 1.07666e-026 6.34131e-028
1.413e-006 1.07972e-026 6.63169e-028
1.41312e-006 1.08279e-026 6.92206e-028
1.41325e-006 1.08586e-026 7.21244e-028
1.41337e-006 1.08892e-026 7.50281e-028
1.4135e-006 1.09824e-026 7.79319e-028
1.41362e-006 1.10854e-026 8.08357e-028
1.41375e-006 1.11884e-026 8.37394e-028
1.41388e-006 1.12914e-026 8.66432e-028
1.414e-006 1.13944e-026 8.95469e-028
1.41413e-006 1.14974e-026 9.24507e-028
1.41425e-006 1.16005e-026 9.53544e-028
1.41438e-006 1.17035e-026 9.82582e-028
1.4145e-006 1.18065e-026 1.01162e-027
1.41463e-006 1.19095e-026 1.04066e-027
1.41475e-006 1.20125e-026 1.06969e-027
1.41488e-006 1.21156e-026 1.09873e-027
1.415e-006 1.22186e-026 1.12116e-027
1.41513e-006 1.23216e-026 1.1255e-027
1.41525e-006 1.24246e-026 1.12985e-027
1.41538e-006 1.25228e-026 1.13419e-027
1.4155e-006 1.25244e-026 1.13853e-027
1.41563e-006 1.25261e-026 1.14287e-027
1.41576e-006 1.25277e-026 1.14721e-027
1.41588e-006 1.25293e-026 1.15155e-027
1.41601e-006 1.25309e-026 1.15589e-027
1.41613e-006 1.25325e-026 1.16024e-027
1.41626e-006 1.25341e-026 1.16458e-027
1.41638e-006 1.25357e-026 1.16892e-027
1.41651e-006 1.25374e-026 1.17326e-027
1.41663e-006 1.2539e-026 1.1776e-027
1.41676e-006 1.25406e-026 1.18194e-027
1.41688e-006 1.25422e-026 1.18628e-027
1.41701e-006 1.25438e-026 1.19063e-027
1.41713e-006 1.25454e-026 1.19497e-027
1.41726e-006 1.2547e-026 1.19931e-027
1.41739e-006 1.25915e-026 1.20365e-027
1.41751e-006 1.27458e-026 1.20799e-027
1.41764e-006 1.29001e-026 1.21233e-027
1.41776e-006 1.30543e-026 1.21346e-027
1.41789e-006 1.32086e-026 1.2136e-027
1.41801e-006 1.33629e-026 1.21374e-027
1.41814e-006 1.35172e-026 1.21388e-027
1.41826e-006 1.36715e-026 1.21402e-027
1.41839e-006 1.38257e-026 1.21416e-027
1.41851e-006 1.398e-026 1.2143e-027
1.41864e-006 1.41343e-026 1.21444e-027
1.41876e-006 1.42886e-026 1.21458e-027
1.41889e-006 1.44429e-026 1.21472e-027
1.41901e-006 1.45971e-026 1.21486e-027
1.41914e-006 1.47514e-026 1.215e-027
1.41927e-006 1.49057e-026 1.21514e-027
1.41939e-006 1.50389e-026 1.21528e-027
1.41952e-006 1.51451e-026 1.21542e-027
1.41964e-006 1.52513e-026 1.21556e-027
1.41977e-006 1.53576e-026 1.2157e-027
1.41989e-006 1.54638e-026 1.21584e-027
1.42002e-006 1.557e-026 1.21598e-027
1.42014e-006 1.56763e-026 1.21612e-027
1.42027e-006 1.57825e-026 1.21626e-027
1.42039e-006 1.58887e-026 1.2164e-027
1.42052e-006 1.59949e-026 1.21781e-027
1.42064e-006 1.61012e-026 1.22025e-027
1.42077e-006 1.62074e-026 1.22269e-027
1.42089e-006 1.63136e-026 1.22513e-027
1.42102e-006 1.64198e-026 1.22757e-027
1.42115e-006 1.65261e-026 1.23002e-027
1.42127e-006 1.66323e-026 1.23246e-027
1.4214e-006 1.67226e-026 1.2349e-027
1.42152e-006 1.68031e-026 1.23734e-027
1.42165e-006 1.68836e-026 1.23979e-027
1.42177e-006 1.69642e-026 1.24223e-027
1.4219e-006 1.70447e-026 1.24467e-027
1.42202e-006 1.71253e-026 1.24711e-027
1.42215e-006 1.72058e-026 1.24955e-027
1.42227e-006 1.72863e-026 1.252e-027
1.4224e-006 1.73669e-026 1.25444e-027
1.42252e-006 1.74474e-026 1.25688e-027
1.42265e-006 1.7528e-026 1.25932e-027
1.42278e-006 1.76085e-026 1.26177e-027
1.4229e-006 1.7689e-026 1.26421e-027
1.42303e-006 1.77696e-026 1.26665e-027
1.42315e-006 1.78501e-026 1.26909e-027
1.42328e-006 1.79306e-026 1.27153e-027
1.4234e-006 1.8019e-026 1.2817e-027
1.42353e-006 1.81092e-026 1.29667e-027
1.42365e-006 1.81994e-026 1.31164e-027
1.42378e-006 1.82896e-026 1.32662e-027
1.4239e-006 1.83798e-026 1.34159e-027
1.42403e-006 1.84699e-026 1.35656e-027
1.42415e-006 1.85601e-026 1.37154e-027
1.42428e-006 1.86503e-026 1.38651e-027
1.4244e-006 1.87405e-026 1.40148e-027
1.42453e-006 1.88306e-026 1.41646e-027
1.42466e-006 1.89208e-026 1.43143e-027
1.42478e-006 1.9011e-026 1.4464e-027
1.42491e-006 1.91012e-026 1.46138e-027
1.42503e-006 1.91913e-026 1.47635e-027
1.42516e-006 1.92815e-026 1.49132e-027
1.42528e-006 1.93717e-026 1.50629e-027
1.42541e-006 1.94619e-026 1.52127e-027
1.42553e-006 1.9552e-026 1.53624e-027
1.42566e-006 1.96422e-026 1.55121e-027
1.42578e-006 1.97324e-026 1.56619e-027
1.42591e-006 1.98226e-026 1.58116e-027
1.42603e-006 1.99127e-026 1.59485e-027
1.42616e-006 2.00029e-026 1.59791e-027
1.42628e-006 2.00931e-026 1.60096e-027
1.42641e-006 2.01833e-026 1.60401e-027
1.42654e-006 2.02735e-026 1.60707e-027
1.42666e-006 2.03636e-026 1.61012e-027
1.42679e-006 2.04538e-026 1.61317e-027
1.42691e-006 2.0544e-026 1.61622e-027
1.42704e-006 2.06342e-026 1.61928e-027
1.42716e-006 2.07243e-026 1.62233e-027
1.42729e-006 2.08183e-026 1.62538e-027
1.42741e-006 2.09277e-026 1.62843e-027
1.42754e-006 2.10371e-026 1.63149e-027
1.42766e-006 2.11466e-026 1.63454e-027
1.42779e-006 2.1256e-026 1.63759e-027
1.42791e-006 2.13655e-026 1.64064e-027
1.42804e-006 2.14749e-026 1.6437e-027
1.42817e-006 2.15843e-026 1.64675e-027
1.42829e-006 2.16938e-026 1.6498e-027
1.42842e-006 2.18032e-026 1.65286e-027
1.42854e-006 2.19126e-026 1.65591e-027
1.42867e-006 2.20221e-026 1.65896e-027
1.42879e-006 2.21315e-026 1.66201e-027
1.42892e-006 2.22409e-026 1.67157e-027
1.42904e-006 2.23504e-026 1.71223e-027
1.42917e-006 2.24598e-026 1.75288e-027
1.42929e-006 2.25765e-026 1.79354e-027
1.42942e-006 2.27051e-026 1.83419e-027
1.42954e-006 2.28338e-026 1.87485e-027
1.42967e-006 2.29625e-026 1.9155e-027
1.42979e-006 2.30911e-026 1.95616e-027
1.42992e-006 2.32198e-026 1.99681e-027
1.43005e-006 2.33485e-026 2.03747e-027
1.43017e-006 2.34771e-026 2.07812e-027
1.4303e-006 2.36058e-026 2.11878e-027
1.43042e-006 2.37345e-026 2.15943e-027
1.43055e-006 2.38632e-026 2.20009e-027
1.43067e-006 2.39918e-026 2.24075e-027
1.4308e-006 2.41205e-026 2.2814e-027
1.43092e-006 2.42492e-026 2.32206e-027
1.43105e-006 2.43778e-026 2.36271e-027
1.43117e-006 2.45065e-026 2.40337e-027
1.4313e-006 2.46518e-026 2.44402e-027
1.43142e-006 2.48109e-026 2.48468e-027
1.43155e-006 2.497e-026 2.52533e-027
1.43167e-006 2.5129e-026 2.55813e-027
1.4318e-006 2.52881e-026 2.58665e-027
1.43193e-006 2.54472e-026 2.61516e-027
1.43205e-006 2.56063e-026 2.64367e-027
1.43218e-006 2.57653e-026 2.67219e-027
1.4323e-006 2.59244e-026 2.7007e-027
1.43243e-006 2.60835e-026 2.72921e-027
1.43255e-006 2.62426e-026 2.75773e-027
1.43268e-006 2.64017e-026 2.78624e-027
1.4328e-006 2.65607e-026 2.81475e-027
1.43293e-006 2.67198e-026 2.84327e-027
1.43305e-006 2.68789e-026 2.87178e-027
1.43318e-006 2.7038e-026 2.90029e-027
1.4333e-006 2.72083e-026 2.9288e-027
1.43343e-006 2.73833e-026 2.95732e-027
1.43356e-006 2.75584e-026 2.98583e-027
1.43368e-006 2.77334e-026 3.01434e-027
1.43381e-006 2.79085e-026 3.04286e-027
1.43393e-006 2.80836e-026 3.07137e-027
1.43406e-006 2.82586e-026 3.09988e-027
1.43418e-006 2.84337e-026 3.1284e-027
1.43431e-006 2.86087e-026 3.15691e-027
1.43443e-006 2.87838e-026 3.18528e-027
1.43456e-006 2.89589e-026 3.21344e-027
1.43468e-006 2.91339e-026 3.24161e-027
1.43481e-006 2.9309e-026 3.26977e-027
1.43493e-006 2.9484e-026 3.29793e-027
1.43506e-006 2.96591e-026 3.3261e-027
1.43518e-006 2.98341e-026 3.35426e-027
1.43531e-006 2.99806e-026 3.38243e-027
1.43544e-006 3.01221e-026 3.41059e-027
1.43556e-006 3.02636e-026 3.43875e-027
1.43569e-006 3.04051e-026 3.46692e-027
1.43581e-006 3.05466e-026 3.49508e-027
1.43594e-006 3.0688e-026 3.52324e-027
1.43606e-006 3.08295e-026 3.55141e-027
1.43619e-006 3.0971e-026 3.57957e-027
1.43631e-006 3.11125e-026 3.60773e-027
1.43644e-006 3.1254e-026 3.6359e-027
1.43656e-006 3.13954e-026 3.66406e-027
1.43669e-006 3.15369e-026 3.69223e-027
1.43681e-006 3.16784e-026 3.72039e-027
1.43694e-006 3.18199e-026 3.74855e-027
1.43706e-006 3.19614e-026 3.77672e-027
1.43719e-006 3.21036e-026 3.80651e-027
1.43732e-006 3.22962e-026 3.84392e-027
1.43744e-006 3.24889e-026 3.88133e-027
1.43757e-006 3.26815e-026 3.91873e-027
1.43769e-006 3.28741e-026 3.95614e-027
1.43782e-006 3.30667e-026 3.99355e-027
1.43794e-006 3.32593e-026 4.03095e-027
1.43807e-006 3.3452e-026 4.06836e-027
1.43819e-006 3.36446e-026 4.10577e-027
1.43832e-006 3.38372e-026 4.14317e-027
1.43844e-006 3.40298e-026 4.18058e-027
1.43857e-006 3.42224e-026 4.21799e-027
1.43869e-006 3.44151e-026 4.25539e-027
1.43882e-006 3.46077e-026 4.2928e-027
1.43895e-006 3.48003e-026 4.33021e-027
1.43907e-006 3.49929e-026 4.36761e-027
1.4392e-006 3.51905e-026 4.40502e-027
1.43932e-006 3.5415e-026 4.44243e-027
1.43945e-006 3.56395e-026 4.47983e-027
1.43957e-006 3.5864e-026 4.51724e-027
1.4397e-006 3.60885e-026 4.55465e-027
1.43982e-006 3.6313e-026 4.59205e-027
1.43995e-006 3.65375e-026 4.6224e-027
1.44007e-006 3.6762e-026 4.64899e-027
1.4402e-006 3.69865e-026 4.67558e-027
1.44032e-006 3.7211e-026 4.70217e-027
1.44045e-006 3.74355e-026 4.72876e-027
1.44057e-006 3.766e-026 4.75535e-027
1.4407e-006 3.78845e-026 4.78194e-027
1.44083e-006 3.8109e-026 4.80853e-027
1.44095e-006 3.83335e-026 4.83512e-027
1.44108e-006 3.8558e-026 4.86171e-027
1.4412e-006 3.87816e-026 4.88831e-027
1.44133e-006 3.90029e-026 4.9149e-027
1.44145e-006 3.92242e-026 4.94149e-027
1.44158e-006 3.94455e-026 4.96808e-027
1.4417e-006 3.96668e-026 4.99467e-027
1.44183e-006 3.98881e-026 5.02126e-027
1.44195e-006 4.01095e-026 5.04785e-027
1.44208e-006 4.03308e-026 5.07444e-027
1.4422e-006 4.05521e-026 5.10103e-027
1.44233e-006 4.07734e-026 5.12762e-027
1.44245e-006 4.09947e-026 5.15421e-027
1.44258e-006 4.1216e-026 5.1808e-027
1.44271e-006 4.14373e-026 5.21865e-027
1.44283e-006 4.16587e-026 5.27212e-027
1.44296e-006 4.188e-026 5.32558e-027
1.44308e-006 4.21013e-026 5.37904e-027
1.44321e-006 4.23342e-026 5.4325e-027
1.44333e-006 4.25841e-026 5.48597e-027
1.44346e-006 4.28341e-026 5.53943e-027
1.44358e-006 4.3084e-026 5.59289e-027
1.44371e-006 4.3334e-026 5.64636e-027
1.44383e-006 4.3584e-026 5.69982e-027
1.44396e-006 4.38339e-026 5.75328e-027
1.44408e-006 4.40839e-026 5.80675e-027
1.44421e-006 4.43338e-026 5.86021e-027
1.44434e-006 4.45838e-026 5.91367e-027
1.44446e-006 4.48337e-026 5.96714e-027
1.44459e-006 4.50837e-026 6.0206e-027
1.44471e-006 4.53337e-026 6.07406e-027
1.44484e-006 4.55836e-026 6.12753e-027
1.44496e-006 4.58336e-026 6.18099e-027
1.44509e-006 4.60835e-026 6.23445e-027
1.44521e-006 4.63212e-026 6.28791e-027
1.44534e-006 4.65473e-026 6.34138e-027
1.44546e-006 4.67734e-026 6.37633e-027
1.44559e-006 4.69995e-026 6.40886e-027
1.44571e-006 4.72256e-026 6.44139e-027
1.44584e-006 4.74517e-026 6.47393e-027
1.44596e-006 4.76778e-026 6.50646e-027
1.44609e-006 4.79038e-026 6.53899e-027
1.44622e-006 4.81299e-026 6.57152e-027
1.44634e-006 4.8356e-026 6.60406e-027
1.44647e-006 4.85821e-026 6.63659e-027
1.44659e-006 4.88082e-026 6.66912e-027
1.44672e-006 4.90343e-026 6.70165e-027
1.44684e-006 4.92604e-026 6.73419e-027
1.44697e-006 4.94865e-026 6.76672e-027
1.44709e-006 4.97126e-026 6.79925e-027
1.44722e-006 4.99609e-026 6.83178e-027
1.44734e-006 5.02218e-026 6.86432e-027
1.44747e-006 5.04827e-026 6.89685e-027
1.44759e-006 5.07437e-026 6.92938e-027
1.44772e-006 5.10046e-026 6.96191e-027
1.44784e-006 5.12655e-026 6.99445e-027
1.44797e-006 5.15265e-026 7.02698e-027
1.4481e-006 5.17874e-026 7.05951e-027
1.44822e-006 5.20483e-026 7.09204e-027
1.44835e-006 5.23093e-026 7.18156e-027
1.44847e-006 5.25702e-026 7.27543e-027
1.4486e-006 5.28311e-026 7.36929e-027
1.44872e-006 5.30921e-026 7.46316e-027
1.44885e-006 5.3353e-026 7.55702e-027
1.44897e-006 5.36139e-026 7.65089e-027
1.4491e-006 5.39718e-026 7.74476e-027
1.44922e-006 5.44411e-026 7.83862e-027
1.44935e-006 5.49104e-026 7.93249e-027
1.44947e-006 5.53797e-026 8.02635e-027
1.4496e-006 5.58489e-026 8.12022e-027
1.44973e-006 5.63182e-026 8.21409e-027
1.44985e-006 5.67875e-026 8.30795e-027
1.44998e-006 5.72568e-026 8.40182e-027
1.4501e-006 5.77261e-026 8.49568e-027
1.45023e-006 5.81954e-026 8.58955e-027
1.45035e-006 5.86646e-026 8.68342e-027
1.45048e-006 5.91339e-026 8.77728e-027
1.4506e-006 5.96032e-026 8.87115e-027
1.45073e-006 6.00725e-026 8.96501e-027
1.45085e-006 6.05418e-026 9.05988e-027
1.45098e-006 6.09784e-026 9.16537e-027
1.4511e-006 6.12791e-026 9.27086e-027
1.45123e-006 6.15799e-026 9.37635e-027
1.45135e-006 6.18806e-026 9.48184e-027
1.45148e-006 6.21814e-026 9.58734e-027
1.45161e-006 6.24822e-026 9.69283e-027
1.45173e-006 6.27829e-026 9.79832e-027
1.45186e-006 6.30837e-026 9.90381e-027
1.45198e-006 6.33844e-026 1.00093e-026
1.45211e-006 6.36852e-026 1.01148e-026
1.45223e-006 6.39859e-026 1.02203e-026
1.45236e-006 6.42867e-026 1.03258e-026
1.45248e-006 6.45874e-026 1.04313e-026
1.45261e-006 6.48882e-026 1.05368e-026
1.45273e-006 6.51889e-026 1.06422e-026
1.45286e-006 6.54897e-026 1.07477e-026
1.45298e-006 6.58072e-026 1.08532e-026
1.45311e-006 6.61681e-026 1.09587e-026
1.45323e-006 6.6529e-026 1.10642e-026
1.45336e-006 6.68898e-026 1.11697e-026
1.45349e-006 6.72507e-026 1.12752e-026
1.45361e-006 6.76115e-026 1.1379e-026
1.45374e-006 6.79724e-026 1.14814e-026
1.45386e-006 6.83333e-026 1.15837e-026
1.45399e-006 6.86941e-026 1.1686e-026
1.45411e-006 6.9055e-026 1.17883e-026
1.45424e-006 6.94159e-026 1.18907e-026
1.45436e-006 6.97767e-026 1.1993e-026
1.45449e-006 7.01376e-026 1.20953e-026
1.45461e-006 7.04984e-026 1.21976e-026
1.45474e-006 7.08593e-026 1.23e-026
1.45486e-006 7.12202e-026 1.24023e-026
1.45499e-006 7.15868e-026 1.25046e-026
1.45512e-006 7.19651e-026 1.26069e-026
1.45524e-006 7.23433e-026 1.27092e-026
1.45537e-006 7.27215e-026 1.28116e-026
1.45549e-006 7.30997e-026 1.29139e-026
1.45562e-006 7.34779e-026 1.30162e-026
1.45574e-006 7.38562e-026 1.31185e-026
1.45587e-006 7.42344e-026 1.32209e-026
1.45599e-006 7.46126e-026 1.33232e-026
1.45612e-006 7.49908e-026 1.34255e-026
1.45624e-006 7.53691e-026 1.35278e-026
1.45637e-006 7.57473e-026 1.36322e-026
1.45649e-006 7.61255e-026 1.37435e-026
1.45662e-006 7.65037e-026 1.38547e-026
1.45674e-006 7.68819e-026 1.3966e-026
1.45687e-006 7.72602e-026 1.40773e-026
1.457e-006 7.76423e-026 1.41885e-026
1.45712e-006 7.80307e-026 1.42998e-026
1.45725e-006 7.84191e-026 1.44111e-026
1.45737e-006 7.88075e-026 1.45223e-026
1.4575e-006 7.91959e-026 1.46336e-026
1.45762e-006 7.95843e-026 1.47449e-026
1.45775e-006 7.99728e-026 1.48561e-026
1.45787e-006 8.03612e-026 1.49674e-026
1.458e-006 8.07496e-026 1.50787e-026
1.45812e-006 8.1138e-026 1.51899e-026
1.45825e-006 8.15264e-026 1.53012e-026
1.45837e-006 8.19148e-026 1.54125e-026
1.4585e-006 8.23033e-026 1.55237e-026
1.45862e-006 8.26917e-026 1.5635e-026
1.45875e-006 8.30801e-026 1.57463e-026
1.45888e-006 8.34708e-026 1.58589e-026
1.459e-006 8.38744e-026 1.59839e-026
1.45913e-006 8.4278e-026 1.61089e-026
1.45925e-006 8.46816e-026 1.62339e-026
1.45938e-006 8.50852e-026 1.63589e-026
1.4595e-006 8.54888e-026 1.6484e-026
1.45963e-006 8.58924e-026 1.6609e-026
1.45975e-006 8.6296e-026 1.6734e-026
1.45988e-006 8.66996e-026 1.6859e-026
1.46e-006 8.71032e-026 1.6984e-026
1.46013e-006 8.75068e-026 1.71091e-026
1.46025e-006 8.79104e-026 1.72341e-026
1.46038e-006 8.8314e-026 1.73591e-026
1.46051e-006 8.87176e-026 1.74841e-026
1.46063e-006 8.91212e-026 1.76091e-026
1.46076e-006 8.95248e-026 1.77341e-026
1.46088e-006 8.99576e-026 1.78592e-026
1.46101e-006 9.03933e-026 1.79842e-026
1.46113e-006 9.08291e-026 1.81092e-026
1.46126e-006 9.12648e-026 1.82342e-026
1.46138e-006 9.17005e-026 1.83592e-026
1.46151e-006 9.21363e-026 1.84843e-026
1.46163e-006 9.2572e-026 1.86271e-026
1.46176e-006 9.30077e-026 1.8787e-026
1.46188e-006 9.34435e-026 1.89469e-026
1.46201e-006 9.38792e-026 1.91067e-026
1.46213e-006 9.43149e-026 1.92666e-026
1.46226e-006 9.47507e-026 1.94264e-026
1.46239e-006 9.51864e-026 1.95863e-026
1.46251e-006 9.56221e-026 1.97462e-026
1.46264e-006 9.60579e-026 1.9906e-026
1.46276e-006 9.64774e-026 2.00659e-026
1.46289e-006 9.68882e-026 2.02257e-026
1.46301e-006 9.72991e-026 2.03856e-026
1.46314e-006 9.771e-026 2.05455e-026
1.46326e-006 9.81209e-026 2.07053e-026
1.46339e-006 9.85318e-026 2.08652e-026
1.46351e-006 9.89426e-026 2.1025e-026
1.46364e-006 9.93535e-026 2.11849e-026
1.46376e-006 9.97644e-026 2.13447e-026
1.46389e-006 1.00175e-025 2.15046e-026
1.46401e-006 1.00586e-025 2.16645e-026
1.46414e-006 1.00997e-025 2.18243e-026
1.46427e-006 1.01408e-025 2.19856e-026
1.46439e-006 1.01819e-025 2.21477e-026
1.46452e-006 1.02235e-025 2.23098e-026
1.46464e-006 1.02687e-025 2.2472e-026
1.46477e-006 1.03138e-025 2.26341e-026
1.46489e-006 1.03589e-025 2.27962e-026
1.46502e-006 1.04041e-025 2.29583e-026
1.46514e-006 1.04492e-025 2.31205e-026
1.46527e-006 1.04943e-025 2.32826e-026
1.46539e-006 1.05395e-025 2.34447e-026
1.46552e-006 1.05846e-025 2.36068e-026
1.46564e-006 1.06298e-025 2.3769e-026
1.46577e-006 1.06749e-025 2.39311e-026
1.4659e-006 1.072e-025 2.40932e-026
1.46602e-006 1.07652e-025 2.42553e-026
1.46615e-006 1.08103e-025 2.44175e-026
1.46627e-006 1.08554e-025 2.45796e-026
1.4664e-006 1.09006e-025 2.47417e-026
1.46652e-006 1.09421e-025 2.49038e-026
1.46665e-006 1.0983e-025 2.5066e-026
1.46677e-006 1.1024e-025 2.52366e-026
1.4669e-006 1.1065e-025 2.54173e-026
1.46702e-006 1.1106e-025 2.55979e-026
1.46715e-006 1.11469e-025 2.57786e-026
1.46727e-006 1.11879e-025 2.59592e-026
1.4674e-006 1.12289e-025 2.61399e-026
1.46752e-006 1.12698e-025 2.63205e-026
1.46765e-006 1.13108e-025 2.65012e-026
1.46778e-006 1.13518e-025 2.66819e-026
1.4679e-006 1.13927e-025 2.68625e-026
1.46803e-006 1.14337e-025 2.70432e-026
1.46815e-006 1.14747e-025 2.72238e-026
1.46828e-006 1.15157e-025 2.74045e-026
1.4684e-006 1.15573e-025 2.75852e-026
1.46853e-006 1.15993e-025 2.77658e-026
1.46865e-006 1.16414e-025 2.79465e-026
1.46878e-006 1.16834e-025 2.81271e-026
1.4689e-006 1.17255e-025 2.83078e-026
1.46903e-006 1.17675e-025 2.84884e-026
1.46915e-006 1.18095e-025 2.86691e-026
1.46928e-006 1.18516e-025 2.88498e-026
1.4694e-006 1.18936e-025 2.90241e-026
1.46953e-006 1.19357e-025 2.91935e-026
1.46966e-006 1.19777e-025 2.9363e-026
1.46978e-006 1.20197e-025 2.95324e-026
1.46991e-006 1.20618e-025 2.97018e-026
1.47003e-006 1.21038e-025 2.98713e-026
1.47016e-006 1.21459e-025 3.00407e-026
1.47028e-006 1.21885e-025 3.02101e-026
1.47041e-006 1.2231e-025 3.03795e-026
1.47053e-006 1.22736e-025 3.0549e-026
1.47066e-006 1.23161e-025 3.07184e-026
1.47078e-006 1.23587e-025 3.08878e-026
1.47091e-006 1.24012e-025 3.10572e-026
1.47103e-006 1.24438e-025 3.12267e-026
1.47116e-006 1.24863e-025 3.13961e-026
1.47129e-006 1.25289e-025 3.15655e-026
1.47141e-006 1.25714e-025 3.1735e-026
1.47154e-006 1.2614e-025 3.19044e-026
1.47166e-006 1.26565e-025 3.20738e-026
1.47179e-006 1.26991e-025 3.22502e-026
1.47191e-006 1.27416e-025 3.24833e-026
1.47204e-006 1.27842e-025 3.27165e-026
1.47216e-006 1.28267e-025 3.29496e-026
1.47229e-006 1.28693e-025 3.31828e-026
1.47241e-006 1.29118e-025 3.34159e-026
1.47254e-006 1.29543e-025 3.36491e-026
1.47266e-006 1.29969e-025 3.38822e-026
1.47279e-006 1.30394e-025 3.41154e-026
1.47291e-006 1.3082e-025 3.43485e-026
1.47304e-006 1.31245e-025 3.45817e-026
1.47317e-006 1.3167e-025 3.48148e-026
1.47329e-006 1.32096e-025 3.5048e-026
1.47342e-006 1.32521e-025 3.52811e-026
1.47354e-006 1.32946e-025 3.55143e-026
1.47367e-006 1.33372e-025 3.57474e-026
1.47379e-006 1.33797e-025 3.59806e-026
1.47392e-006 1.34215e-025 3.62137e-026
1.47404e-006 1.34617e-025 3.64468e-026
1.47417e-006 1.35019e-025 3.66798e-026
1.47429e-006 1.35422e-025 3.69125e-026
1.47442e-006 1.35824e-025 3.71452e-026
1.47454e-006 1.36226e-025 3.73779e-026
1.47467e-006 1.36628e-025 3.76106e-026
1.47479e-006 1.37031e-025 3.78433e-026
1.47492e-006 1.37433e-025 3.8076e-026
1.47505e-006 1.37835e-025 3.83087e-026
1.47517e-006 1.38238e-025 3.85414e-026
1.4753e-006 1.3864e-025 3.87741e-026
1.47542e-006 1.39042e-025 3.90068e-026
1.47555e-006 1.39444e-025 3.92395e-026
1.47567e-006 1.39847e-025 3.94722e-026
1.4758e-006 1.40245e-025 3.97049e-026
1.47592e-006 1.40642e-025 3.99376e-026
1.47605e-006 1.4104e-025 4.01703e-026
1.47617e-006 1.41437e-025 4.0403e-026
1.4763e-006 1.41834e-025 4.06357e-026
1.47642e-006 1.42231e-025 4.08684e-026
1.47655e-006 1.42629e-025 4.11011e-026
1.47668e-006 1.43026e-025 4.13045e-026
1.4768e-006 1.43423e-025 4.15028e-026
1.47693e-006 1.43821e-025 4.17011e-026
1.47705e-006 1.44218e-025 4.18994e-026
1.47718e-006 1.44615e-025 4.20976e-026
1.4773e-006 1.45013e-025 4.22959e-026
1.47743e-006 1.4541e-025 4.24942e-026
1.47755e-006 1.45807e-025 4.26925e-026
1.47768e-006 1.46187e-025 4.28908e-026
1.4778e-006 1.46553e-025 4.30891e-026
1.47793e-006 1.4692e-025 4.32873e-026
1.47805e-006 1.47287e-025 4.34856e-026
1.47818e-006 1.47653e-025 4.36839e-026
1.4783e-006 1.4802e-025 4.38822e-026
1.47843e-006 1.48387e-025 4.40805e-026
1.47856e-006 1.48753e-025 4.42787e-026
1.47868e-006 1.4912e-025 4.4477e-026
1.47881e-006 1.49486e-025 4.46753e-026
1.47893e-006 1.49853e-025 4.48736e-026
1.47906e-006 1.5022e-025 4.50719e-026
1.47918e-006 1.50586e-025 4.52702e-026
1.47931e-006 1.50953e-025 4.54977e-026
1.47943e-006 1.51319e-025 4.57272e-026
1.47956e-006 1.51672e-025 4.59566e-026
1.47968e-006 1.52e-025 4.61861e-026
1.47981e-006 1.52327e-025 4.64155e-026
1.47993e-006 1.52655e-025 4.6645e-026
1.48006e-006 1.52983e-025 4.68744e-026
1.48018e-006 1.5331e-025 4.71039e-026
1.48031e-006 1.53638e-025 4.73333e-026
1.48044e-006 1.53966e-025 4.75627e-026
1.48056e-006 1.54293e-025 4.77922e-026
1.48069e-006 1.54621e-025 4.80216e-026
1.48081e-006 1.54949e-025 4.82511e-026
1.48094e-006 1.55276e-025 4.84805e-026
1.48106e-006 1.55604e-025 4.871e-026
1.48119e-006 1.55932e-025 4.89394e-026
1.48131e-006 1.56259e-025 4.91689e-026
1.48144e-006 1.56587e-025 4.93983e-026
1.48156e-006 1.56909e-025 4.96312e-026
1.48169e-006 1.57224e-025 4.98808e-026
1.48181e-006 1.57539e-025 5.01303e-026
1.48194e-006 1.57854e-025 5.03798e-026
1.48207e-006 1.58169e-025 5.06294e-026
1.48219e-006 1.58484e-025 5.08789e-026
1.48232e-006 1.58799e-025 5.11284e-026
1.48244e-006 1.59114e-025 5.1378e-026
1.48257e-006 1.59429e-025 5.16275e-026
1.48269e-006 1.59744e-025 5.1877e-026
1.48282e-006 1.60059e-025 5.21266e-026
1.48294e-006 1.60374e-025 5.23761e-026
1.48307e-006 1.60689e-025 5.26256e-026
1.48319e-006 1.61004e-025 5.28751e-026
1.48332e-006 1.61319e-025 5.31247e-026
1.48344e-006 1.61634e-025 5.33742e-026
1.48357e-006 1.61944e-025 5.36237e-026
1.48369e-006 1.6225e-025 5.38733e-026
1.48382e-006 1.62555e-025 5.41228e-026
1.48395e-006 1.62861e-025 5.43723e-026
1.48407e-006 1.63166e-025 5.46396e-026
1.4842e-006 1.63472e-025 5.49154e-026
1.48432e-006 1.63778e-025 5.51913e-026
1.48445e-006 1.64083e-025 5.54671e-026
1.48457e-006 1.64389e-025 5.5743e-026
1.4847e-006 1.64694e-025 5.60188e-026
1.48482e-006 1.65e-025 5.62947e-026
1.48495e-006 1.65305e-025 5.65705e-026
1.48507e-006 1.65611e-025 5.68463e-026
1.4852e-006 1.65916e-025 5.71222e-026
1.48532e-006 1.66222e-025 5.7398e-026
1.48545e-006 1.66527e-025 5.76739e-026
1.48557e-006 1.66826e-025 5.79497e-026
1.4857e-006 1.6712e-025 5.82255e-026
1.48583e-006 1.67415e-025 5.85014e-026
1.48595e-006 1.67709e-025 5.87772e-026
1.48608e-006 1.68004e-025 5.90522e-026
1.4862e-006 1.68298e-025 5.93117e-026
1.48633e-006 1.68592e-025 5.95711e-026
1.48645e-006 1.68887e-025 5.98305e-026
1.48658e-006 1.69181e-025 6.00899e-026
1.4867e-006 1.69476e-025 6.03494e-026
1.48683e-006 1.6977e-025 6.06088e-026
1.48695e-006 1.70064e-025 6.08682e-026
1.48708e-006 1.70359e-025 6.11276e-026
1.4872e-006 1.70653e-025 6.13871e-026
1.48733e-006 1.70948e-025 6.16465e-026
1.48746e-006 1.71242e-025 6.19059e-026
1.48758e-006 1.71508e-025 6.21653e-026
1.48771e-006 1.71761e-025 6.24247e-026
1.48783e-006 1.72015e-025 6.26842e-026
1.48796e-006 1.72268e-025 6.29436e-026
1.48808e-006 1.72521e-025 6.3203e-026
1.48821e-006 1.72774e-025 6.34624e-026
1.48833e-006 1.73027e-025 6.37219e-026
1.48846e-006 1.7328e-025 6.39813e-026
1.48858e-006 1.73533e-025 6.42396e-026
1.48871e-006 1.73787e-025 6.44971e-026
1.48883e-006 1.7404e-025 6.47545e-026
1.48896e-006 1.74293e-025 6.5012e-026
1.48908e-006 1.74546e-025 6.52694e-026
1.48921e-006 1.74799e-025 6.55269e-026
1.48934e-006 1.75052e-025 6.57843e-026
1.48946e-006 1.75305e-025 6.60418e-026
1.48959e-006 1.75538e-025 6.62992e-026
1.48971e-006 1.75766e-025 6.65566e-026
1.48984e-006 1.75994e-025 6.68141e-026
1.48996e-006 1.76221e-025 6.70715e-026
1.49009e-006 1.76449e-025 6.7329e-026
1.49021e-006 1.76677e-025 6.75864e-026
1.49034e-006 1.76904e-025 6.78439e-026
1.49046e-006 1.77132e-025 6.81013e-026
1.49059e-006 1.7736e-025 6.83588e-026
1.49071e-006 1.77587e-025 6.86162e-026
1.49084e-006 1.77815e-025 6.88736e-026
1.49096e-006 1.78043e-025 6.91324e-026
1.49109e-006 1.78271e-025 6.94231e-026
1.49122e-006 1.78498e-025 6.97138e-026
1.49134e-006 1.78726e-025 7.00046e-026
1.49147e-006 1.78954e-025 7.02953e-026
1.49159e-006 1.79171e-025 7.0586e-026
1.49172e-006 1.79388e-025 7.08767e-026
1.49184e-006 1.79604e-025 7.11675e-026
1.49197e-006 1.79821e-025 7.14582e-026
1.49209e-006 1.80037e-025 7.17489e-026
1.49222e-006 1.80254e-025 7.20396e-026
1.49234e-006 1.8047e-025 7.23303e-026
1.49247e-006 1.80687e-025 7.26211e-026
1.49259e-006 1.80903e-025 7.29118e-026
1.49272e-006 1.8112e-025 7.32025e-026
1.49285e-006 1.81336e-025 7.34932e-026
1.49297e-006 1.81553e-025 7.37839e-026
1.4931e-006 1.81769e-025 7.40747e-026
1.49322e-006 1.81986e-025 7.43654e-026
1.49335e-006 1.82203e-025 7.46424e-026
1.49347e-006 1.82418e-025 7.49188e-026
1.4936e-006 1.82606e-025 7.51952e-026
1.49372e-006 1.82794e-025 7.54716e-026
1.49385e-006 1.82981e-025 7.5748e-026
1.49397e-006 1.83169e-025 7.60244e-026
1.4941e-006 1.83357e-025 7.63008e-026
1.49422e-006 1.83545e-025 7.65772e-026
1.49435e-006 1.83733e-025 7.68536e-026
1.49447e-006 1.83921e-025 7.713e-026
1.4946e-006 1.84108e-025 7.74064e-026
1.49473e-006 1.84296e-025 7.76828e-026
1.49485e-006 1.84484e-025 7.79592e-026
1.49498e-006 1.84672e-025 7.82356e-026
1.4951e-006 1.8486e-025 7.8512e-026
1.49523e-006 1.85048e-025 7.87884e-026
1.49535e-006 1.85235e-025 7.90648e-026
1.49548e-006 1.85426e-025 7.93412e-026
1.4956e-006 1.85626e-025 7.96176e-026
1.49573e-006 1.85827e-025 7.9894e-026
1.49585e-006 1.86027e-025 8.01704e-026
1.49598e-006 1.86228e-025 8.0457e-026
1.4961e-006 1.86429e-025 8.07703e-026
1.49623e-006 1.86629e-025 8.10836e-026
1.49635e-006 1.8683e-025 8.13969e-026
1.49648e-006 1.8703e-025 8.17103e-026
1.49661e-006 1.87231e-025 8.20236e-026
1.49673e-006 1.87431e-025 8.23369e-026
1.49686e-006 1.87632e-025 8.26502e-026
1.49698e-006 1.87833e-025 8.29635e-026
1.49711e-006 1.88033e-025 8.32768e-026
1.49723e-006 1.88234e-025 8.35901e-026
1.49736e-006 1.88434e-025 8.39034e-026
1.49748e-006 1.88633e-025 8.42168e-026
1.49761e-006 1.88827e-025 8.45301e-026
1.49773e-006 1.89021e-025 8.48434e-026
1.49786e-006 1.89216e-025 8.51567e-026
1.49798e-006 1.8941e-025 8.55001e-026
1.49811e-006 1.89604e-025 8.5847e-026
1.49824e-006 1.89798e-025 8.61938e-026
1.49836e-006 1.89993e-025 8.65407e-026
1.49849e-006 1.90187e-025 8.68875e-026
1.49861e-006 1.90381e-025 8.72344e-026
1.49874e-006 1.90575e-025 8.75812e-026
1.49886e-006 1.90769e-025 8.79281e-026
1.49899e-006 1.90964e-025 8.82749e-026
1.49911e-006 1.91158e-025 8.86218e-026
1.49924e-006 1.91352e-025 8.89687e-026
1.49936e-006 1.91546e-025 8.93155e-026
1.49949e-006 1.91742e-025 8.96624e-026
1.49961e-006 1.91939e-025 9.00092e-026
1.49974e-006 1.92137e-025 9.03561e-026
1.49986e-006 1.92334e-025 9.06742e-026
1.49999e-006 1.92532e-025 9.09752e-026
1.50012e-006 1.92729e-025 9.12761e-026
1.50024e-006 1.92926e-025 9.15771e-026
1.50037e-006 1.93124e-025 9.1878e-026
1.50049e-006 1.93321e-025 9.2179e-026
1.50062e-006 1.93519e-025 9.24799e-026
1.50074e-006 1.93716e-025 9.27809e-026
1.50087e-006 1.93913e-025 9.30818e-026
1.50099e-006 1.94111e-025 9.33827e-026
1.50112e-006 1.94308e-025 9.36837e-026
1.50124e-006 1.94506e-025 9.39846e-026
1.50137e-006 1.94703e-025 9.42856e-026
1.50149e-006 1.94927e-025 9.4694e-026
1.50162e-006 1.95169e-025 9.51222e-026
1.50174e-006 1.95411e-025 9.55504e-026
1.50187e-006 1.95653e-025 9.59787e-026
1.502e-006 1.95895e-025 9.64069e-026
1.50212e-006 1.96137e-025 9.68351e-026
1.50225e-006 1.96379e-025 9.72633e-026
1.50237e-006 1.96621e-025 9.76915e-026
1.5025e-006 1.96863e-025 9.81197e-026
1.50262e-006 1.97105e-025 9.85479e-026
1.50275e-006 1.97347e-025 9.89761e-026
1.50287e-006 1.97589e-025 9.94043e-026
1.503e-006 1.97831e-025 9.98326e-026
1.50312e-006 1.98073e-025 1.00259e-025
1.50325e-006 1.98315e-025 1.00639e-025
1.50337e-006 1.98557e-025 1.01019e-025
1.5035e-006 1.9881e-025 1.01399e-025
1.50363e-006 1.99068e-025 1.01779e-025
1.50375e-006 1.99326e-025 1.02159e-025
1.50388e-006 1.99584e-025 1.0254e-025
1.504e-006 1.99842e-025 1.0292e-025
1.50413e-006 2.001e-025 1.033e-025
1.50425e-006 2.00358e-025 1.0368e-025
1.50438e-006 2.00616e-025 1.0406e-025
1.5045e-006 2.00874e-025 1.04441e-025
1.50463e-006 2.01132e-025 1.04821e-025
1.50475e-006 2.01389e-025 1.05201e-025
1.50488e-006 2.01647e-025 1.05581e-025
1.505e-006 2.01905e-025 1.05961e-025
1.50513e-006 2.02163e-025 1.06341e-025
1.50525e-006 2.02421e-025 1.0678e-025
1.50538e-006 2.02679e-025 1.07319e-025
1.50551e-006 2.03017e-025 1.07858e-025
1.50563e-006 2.03373e-025 1.08398e-025
1.50576e-006 2.03729e-025 1.08937e-025
1.50588e-006 2.04085e-025 1.09476e-025
1.50601e-006 2.04442e-025 1.10015e-025
1.50613e-006 2.04798e-025 1.10555e-025
1.50626e-006 2.05154e-025 1.11094e-025
1.50638e-006 2.0551e-025 1.11633e-025
1.50651e-006 2.05866e-025 1.12172e-025
1.50663e-006 2.06222e-025 1.12712e-025
1.50676e-006 2.06578e-025 1.13251e-025
1.50688e-006 2.06934e-025 1.13749e-025
1.50701e-006 2.07291e-025 1.14246e-025
1.50713e-006 2.07647e-025 1.14744e-025
1.50726e-006 2.08003e-025 1.15241e-025
1.50739e-006 2.08359e-025 1.15738e-025
1.50751e-006 2.08739e-025 1.16236e-025
1.50764e-006 2.09123e-025 1.16733e-025
1.50776e-006 2.09507e-025 1.1723e-025
1.50789e-006 2.09891e-025 1.17727e-025
1.50801e-006 2.10275e-025 1.18225e-025
1.50814e-006 2.10658e-025 1.18722e-025
1.50826e-006 2.11042e-025 1.19219e-025
1.50839e-006 2.11426e-025 1.19717e-025
1.50851e-006 2.1181e-025 1.20214e-025
1.50864e-006 2.12193e-025 1.20711e-025
1.50876e-006 2.12577e-025 1.21261e-025
1.50889e-006 2.12961e-025 1.21833e-025
1.50902e-006 2.13345e-025 1.22406e-025
1.50914e-006 2.13729e-025 1.22978e-025
1.50927e-006 2.14112e-025 1.23551e-025
1.50939e-006 2.1455e-025 1.24123e-025
1.50952e-006 2.15018e-025 1.24696e-025
1.50964e-006 2.15485e-025 1.25268e-025
1.50977e-006 2.15953e-025 1.25841e-025
1.50989e-006 2.1642e-025 1.26413e-025
1.51002e-006 2.16888e-025 1.26986e-025
1.51014e-006 2.17355e-025 1.27559e-025
1.51027e-006 2.17823e-025 1.2816e-025
1.51039e-006 2.18291e-025 1.28832e-025
1.51052e-006 2.18758e-025 1.29505e-025
1.51064e-006 2.19226e-025 1.30177e-025
1.51077e-006 2.19693e-025 1.30849e-025
1.5109e-006 2.20161e-025 1.31522e-025
1.51102e-006 2.20628e-025 1.32194e-025
1.51115e-006 2.21114e-025 1.32866e-025
1.51127e-006 2.21603e-025 1.33539e-025
1.5114e-006 2.22092e-025 1.34211e-025
1.51152e-006 2.22581e-025 1.34883e-025
1.51165e-006 2.2307e-025 1.35581e-025
1.51177e-006 2.23559e-025 1.36337e-025
1.5119e-006 2.24048e-025 1.37092e-025
1.51202e-006 2.24537e-025 1.37848e-025
1.51215e-006 2.25026e-025 1.38603e-025
1.51227e-006 2.25515e-025 1.39359e-025
1.5124e-006 2.26005e-025 1.40114e-025
1.51252e-006 2.26517e-025 1.4087e-025
1.51265e-006 2.27134e-025 1.41625e-025
1.51278e-006 2.27751e-025 1.42381e-025
1.5129e-006 2.28367e-025 1.43136e-025
1.51303e-006 2.28984e-025 1.43898e-025
1.51315e-006 2.29601e-025 1.44659e-025
1.51328e-006 2.30217e-025 1.4542e-025
1.5134e-006 2.30834e-025 1.46181e-025
1.51353e-006 2.3145e-025 1.46943e-025
1.51365e-006 2.32067e-025 1.47704e-025
1.51378e-006 2.32691e-025 1.48465e-025
1.5139e-006 2.3332e-025 1.49227e-025
1.51403e-006 2.33948e-025 1.49988e-025
1.51415e-006 2.34577e-025 1.50749e-025
1.51428e-006 2.35206e-025 1.51509e-025
1.51441e-006 2.35835e-025 1.52213e-025
1.51453e-006 2.36463e-025 1.52918e-025
1.51466e-006 2.37092e-025 1.53622e-025
1.51478e-006 2.37721e-025 1.54327e-025
1.51491e-006 2.3835e-025 1.55031e-025
1.51503e-006 2.38979e-025 1.55736e-025
1.51516e-006 2.39579e-025 1.5644e-025
1.51528e-006 2.40158e-025 1.57144e-025
1.51541e-006 2.40737e-025 1.57849e-025
1.51553e-006 2.41315e-025 1.58553e-025
1.51566e-006 2.41894e-025 1.59269e-025
1.51578e-006 2.42473e-025 1.60283e-025
1.51591e-006 2.43051e-025 1.61297e-025
1.51603e-006 2.4363e-025 1.62311e-025
1.51616e-006 2.44209e-025 1.63325e-025
1.51629e-006 2.44788e-025 1.64339e-025
1.51641e-006 2.45519e-025 1.65353e-025
1.51654e-006 2.46539e-025 1.66367e-025
1.51666e-006 2.4756e-025 1.67498e-025
1.51679e-006 2.4858e-025 1.68695e-025
1.51691e-006 2.496e-025 1.69891e-025
1.51704e-006 2.50621e-025 1.71088e-025
1.51716e-006 2.51641e-025 1.72285e-025
1.51729e-006 2.52435e-025 1.73481e-025
1.51741e-006 2.53189e-025 1.74678e-025
1.51754e-006 2.53943e-025 1.75135e-025
1.51766e-006 2.54697e-025 1.75546e-025
1.51779e-006 2.55451e-025 1.75956e-025
1.51791e-006 2.56205e-025 1.76366e-025
1.51804e-006 2.56959e-025 1.76776e-025
1.51817e-006 2.57713e-025 1.79604e-025
1.51829e-006 2.58756e-025 1.82828e-025
1.51842e-006 2.59882e-025 1.85056e-025
1.51854e-006 2.61008e-025 1.86163e-025
1.51867e-006 2.62133e-025 1.8727e-025
1.51879e-006 2.63259e-025 1.88377e-025
1.51892e-006 2.64386e-025 1.89484e-025
1.51904e-006 2.65517e-025 1.90591e-025
1.51917e-006 2.66648e-025 1.91698e-025
1.51929e-006 2.6778e-025 1.92814e-025
1.51942e-006 2.68911e-025 1.94113e-025
1.51954e-006 2.70042e-025 1.95412e-025
1.51967e-006 2.71167e-025 1.9671e-025
1.5198e-006 2.72286e-025 1.98009e-025
1.51992e-006 2.73406e-025 1.99308e-025
1.52005e-006 2.74525e-025 2.00607e-025
1.52017e-006 2.75645e-025 2.01946e-025
1.5203e-006 2.76764e-025 2.03366e-025
1.52042e-006 2.77884e-025 2.04787e-025
1.52055e-006 2.79244e-025 2.06208e-025
1.52067e-006 2.80614e-025 2.07629e-025
1.5208e-006 2.81985e-025 2.0905e-025
1.52092e-006 2.83355e-025 2.10648e-025
1.52105e-006 2.84726e-025 2.12603e-025
1.52117e-006 2.86097e-025 2.14558e-025
1.5213e-006 2.87479e-025 2.16512e-025
1.52142e-006 2.89006e-025 2.18467e-025
1.52155e-006 2.90533e-025 2.20303e-025
1.52168e-006 2.92061e-025 2.221e-025
1.5218e-006 2.93588e-025 2.23897e-025
1.52193e-006 2.95116e-025 2.25694e-025
1.52205e-006 2.97051e-025 2.2753e-025
1.52218e-006 2.99005e-025 2.29522e-025
1.5223e-006 3.00959e-025 2.31514e-025
1.52243e-006 3.03313e-025 2.33506e-025
1.52255e-006 3.05881e-025 2.35498e-025
1.52268e-006 3.08449e-025 2.37597e-025
1.5228e-006 3.10524e-025 2.3976e-025
1.52293e-006 3.12472e-025 2.41924e-025
1.52305e-006 3.1442e-025 2.44088e-025
1.52318e-006 3.16368e-025 2.46154e-025
1.5233e-006 3.18247e-025 2.47947e-025
1.52343e-006 3.20126e-025 2.4974e-025
1.52356e-006 3.22004e-025 2.51534e-025
1.52368e-006 3.23882e-025 2.53317e-025
1.52381e-006 3.25816e-025 2.55062e-025
1.52393e-006 3.27828e-025 2.56807e-025
1.52406e-006 3.29839e-025 2.58552e-025
1.52418e-006 3.3185e-025 2.60297e-025
1.52431e-006 3.33861e-025 2.62042e-025
1.52443e-006 3.35956e-025 2.65381e-025
1.52456e-006 3.38068e-025 2.6887e-025
1.52468e-006 3.40179e-025 2.72034e-025
1.52481e-006 3.42291e-025 2.74877e-025
1.52493e-006 3.44402e-025 2.7772e-025
1.52506e-006 3.46626e-025 2.80328e-025
1.52519e-006 3.48854e-025 2.82517e-025
1.52531e-006 3.51081e-025 2.84707e-025
1.52544e-006 3.53308e-025 2.86896e-025
1.52556e-006 3.56269e-025 2.89134e-025
1.52569e-006 3.59696e-025 2.91418e-025
1.52581e-006 3.63123e-025 2.93701e-025
1.52594e-006 3.66215e-025 2.95985e-025
1.52606e-006 3.68814e-025 2.99098e-025
1.52619e-006 3.71413e-025 3.0264e-025
1.52631e-006 3.74012e-025 3.06014e-025
1.52644e-006 3.76378e-025 3.08864e-025
1.52656e-006 3.78518e-025 3.11714e-025
1.52669e-006 3.80658e-025 3.14515e-025
1.52681e-006 3.82799e-025 3.16872e-025
1.52694e-006 3.84939e-025 3.19229e-025
1.52707e-006 3.86991e-025 3.21586e-025
1.52719e-006 3.89034e-025 3.23914e-025
1.52732e-006 3.91077e-025 3.2615e-025
1.52744e-006 3.9312e-025 3.28386e-025
1.52757e-006 3.95102e-025 3.30621e-025
1.52769e-006 3.97018e-025 3.33084e-025
1.52782e-006 3.98934e-025 3.35912e-025
1.52794e-006 4.0085e-025 3.3874e-025
1.52807e-006 4.02965e-025 3.41361e-025
1.52819e-006 4.05278e-025 3.4333e-025
1.52832e-006 4.0759e-025 3.45299e-025
1.52844e-006 4.09459e-025 3.47268e-025
1.52857e-006 4.10696e-025 3.49237e-025
1.52869e-006 4.11934e-025 3.51214e-025
1.52882e-006 4.13172e-025 3.53195e-025
1.52895e-006 4.1441e-025 3.55175e-025
1.52907e-006 4.15648e-025 3.57156e-025
1.5292e-006 4.1698e-025 3.59247e-025
1.52932e-006 4.18387e-025 3.62604e-025
1.52945e-006 4.19794e-025 3.65961e-025
1.52957e-006 4.21201e-025 3.68366e-025
1.5297e-006 4.22608e-025 3.70323e-025
1.52982e-006 4.24001e-025 3.72281e-025
1.52995e-006 4.25047e-025 3.74238e-025
1.53007e-006 4.26093e-025 3.76167e-025
1.5302e-006 4.27138e-025 3.77844e-025
1.53032e-006 4.28184e-025 3.79521e-025
1.53045e-006 4.2923e-025 3.81199e-025
1.53058e-006 4.30275e-025 3.82876e-025
1.5307e-006 4.31321e-025 3.84553e-025
1.53083e-006 4.32312e-025 3.85664e-025
1.53095e-006 4.32394e-025 3.86643e-025
1.53108e-006 4.32475e-025 3.87621e-025
1.5312e-006 4.32556e-025 3.886e-025
1.53133e-006 4.32637e-025 3.89579e-025
1.53145e-006 4.32718e-025 3.90558e-025
1.53158e-006 4.328e-025 3.91537e-025
1.5317e-006 4.32881e-025 3.92516e-025
1.53183e-006 4.32962e-025 3.93495e-025
1.53195e-006 4.33043e-025 3.93551e-025
1.53208e-006 4.33124e-025 3.9355e-025
1.5322e-006 4.33206e-025 3.9355e-025
1.53233e-006 4.33287e-025 3.9355e-025
1.53246e-006 4.33238e-025 3.93549e-025
1.53258e-006 4.32276e-025 3.93549e-025
1.53271e-006 4.31315e-025 3.93548e-025
1.53283e-006 4.30353e-025 3.93548e-025
1.53296e-006 4.29391e-025 3.93548e-025
1.53308e-006 4.28429e-025 3.93547e-025
1.53321e-006 4.27467e-025 3.93547e-025
1.53333e-006 4.26505e-025 3.93546e-025
1.53346e-006 4.25543e-025 3.93546e-025
1.53358e-006 4.24581e-025 3.93546e-025
1.53371e-006 4.21846e-025 3.93545e-025
1.53383e-006 4.17996e-025 3.93545e-025
1.53396e-006 4.15005e-025 3.93544e-025
1.53408e-006 4.12942e-025 3.93544e-025
1.53421e-006 4.1088e-025 3.93543e-025
1.53434e-006 4.08818e-025 3.93543e-025
1.53446e-006 4.0618e-025 3.93543e-025
1.53459e-006 4.03338e-025 3.93542e-025
1.53471e-006 4.00497e-025 3.93542e-025
1.53484e-006 3.97655e-025 3.93322e-025
1.53496e-006 3.89071e-025 3.89316e-025
1.53509e-006 3.84535e-025 3.8531e-025
1.53521e-006 3.80619e-025 3.81225e-025
1.53534e-006 3.76916e-025 3.77136e-025
1.53546e-006 3.7347e-025 3.7347e-025
1.53559e-006 3.70368e-025 3.70368e-025
1.53571e-006 3.67265e-025 3.67265e-025
1.53584e-006 3.63795e-025 3.63795e-025
1.53597e-006 3.59891e-025 3.59891e-025
1.53609e-006 3.55996e-025 3.55996e-025
1.53622e-006 3.52152e-025 3.52152e-025
1.53634e-006 3.48083e-025 3.48083e-025
1.53647e-006 3.41124e-025 3.41124e-025
1.53659e-006 3.37373e-025 3.37373e-025
1.53672e-006 3.34005e-025 3.34005e-025
1.53684e-006 3.2978e-025 3.2978e-025
1.53697e-006 3.25124e-025 3.25124e-025
1.53709e-006 3.21871e-025 3.21871e-025
1.53722e-006 3.18617e-025 3.18617e-025
1.53734e-006 3.15128e-025 3.15128e-025
1.53747e-006 3.11473e-025 3.11473e-025
1.53759e-006 3.07812e-025 3.07812e-025
1.53772e-006 3.04136e-025 3.04136e-025
1.53785e-006 2.99547e-025 2.99547e-025
1.53797e-006 2.94345e-025 2.94345e-025
1.5381e-006 2.89142e-025 2.89142e-025
1.53822e-006 2.92446e-025 2.92446e-025
1.53835e-006 2.83813e-025 2.83813e-025
1.53847e-006 2.7822e-025 2.78668e-025
1.5386e-006 2.74966e-025 2.76207e-025
1.53872e-006 2.7201e-025 2.73745e-025
1.53885e-006 2.69796e-025 2.72442e-025
1.53897e-006 2.67582e-025 2.71518e-025
1.5391e-006 2.65374e-025 2.70593e-025
1.53922e-006 2.63301e-025 2.69669e-025
1.53935e-006 2.61227e-025 2.68744e-025
1.53947e-006 2.59154e-025 2.68141e-025
1.5396e-006 2.57244e-025 2.68175e-025
1.53973e-006 2.55879e-025 2.68209e-025
1.53985e-006 2.54515e-025 2.68243e-025
1.53998e-006 2.53151e-025 2.68278e-025
1.5401e-006 2.51787e-025 2.68312e-025
1.54023e-006 2.50422e-025 2.68346e-025
1.54035e-006 2.4916e-025 2.6838e-025
1.54048e-006 2.48173e-025 2.68414e-025
1.5406e-006 2.47185e-025 2.68448e-025
1.54073e-006 2.46197e-025 2.68482e-025
1.54085e-006 2.45209e-025 2.68516e-025
1.54098e-006 2.44221e-025 2.6855e-025
1.5411e-006 2.43233e-025 2.68584e-025
1.54123e-006 2.42245e-025 2.68618e-025
1.54136e-006 2.41288e-025 2.68652e-025
1.54148e-006 2.40673e-025 2.68686e-025
1.54161e-006 2.40057e-025 2.6872e-025
1.54173e-006 2.39442e-025 2.68754e-025
1.54186e-006 2.38826e-025 2.68788e-025
1.54198e-006 2.38211e-025 2.68822e-025
1.54211e-006 2.37596e-025 2.68856e-025
1.54223e-006 2.3698e-025 2.6889e-025
1.54236e-006 2.36365e-025 2.68924e-025
1.54248e-006 2.35749e-025 2.68958e-025
1.54261e-006 2.35134e-025 2.68992e-025
1.54273e-006 2.34518e-025 2.69026e-025
1.54286e-006 2.33903e-025 2.69061e-025
1.54298e-006 2.33288e-025 2.69095e-025
1.54311e-006 2.32672e-025 2.69129e-025
1.54324e-006 2.32057e-025 2.69163e-025
1.54336e-006 2.31442e-025 2.69159e-025
1.54349e-006 2.30826e-025 2.69117e-025
1.54361e-006 2.30211e-025 2.69074e-025
1.54374e-006 2.29595e-025 2.69031e-025
1.54386e-006 2.2898e-025 2.68989e-025
1.54399e-006 2.28365e-025 2.68946e-025
1.54411e-006 2.27749e-025 2.68904e-025
1.54424e-006 2.2702e-025 2.68861e-025
1.54436e-006 2.26277e-025 2.68818e-025
1.54449e-006 2.25534e-025 2.68776e-025
1.54461e-006 2.24792e-025 2.68733e-025
1.54474e-006 2.24049e-025 2.6869e-025
1.54486e-006 2.23306e-025 2.68648e-025
1.54499e-006 2.22563e-025 2.68605e-025
1.54512e-006 2.2182e-025 2.68563e-025
1.54524e-006 2.21077e-025 2.6852e-025
1.54537e-006 2.20335e-025 2.68477e-025
1.54549e-006 2.19642e-025 2.68435e-025
1.54562e-006 2.19029e-025 2.68392e-025
1.54574e-006 2.18416e-025 2.68349e-025
1.54587e-006 2.17803e-025 2.68313e-025
1.54599e-006 2.17191e-025 2.68285e-025
1.54612e-006 2.16578e-025 2.68257e-025
1.54624e-006 2.15965e-025 2.68228e-025
1.54637e-006 2.15352e-025 2.682e-025
1.54649e-006 2.14739e-025 2.68172e-025
1.54662e-006 2.14127e-025 2.68143e-025
1.54675e-006 2.13514e-025 2.68115e-025
1.54687e-006 2.12901e-025 2.68087e-025
1.547e-006 2.12288e-025 2.68058e-025
1.54712e-006 2.11673e-025 2.6803e-025
1.54725e-006 2.11057e-025 2.68002e-025
1.54737e-006 2.10441e-025 2.67973e-025
1.5475e-006 2.09826e-025 2.67945e-025
1.54762e-006 2.0921e-025 2.67917e-025
1.54775e-006 2.08594e-025 2.67888e-025
1.54787e-006 2.07978e-025 2.6786e-025
1.548e-006 2.07362e-025 2.67832e-025
1.54812e-006 2.06746e-025 2.67653e-025
1.54825e-006 2.0613e-025 2.6735e-025
1.54837e-006 2.05399e-025 2.67048e-025
1.5485e-006 2.04666e-025 2.66745e-025
1.54863e-006 2.03933e-025 2.66443e-025
1.54875e-006 2.03199e-025 2.6614e-025
1.54888e-006 2.02466e-025 2.65838e-025
1.549e-006 2.01733e-025 2.65535e-025
1.54913e-006 2.00999e-025 2.65233e-025
1.54925e-006 2.00266e-025 2.6493e-025
1.54938e-006 1.99514e-025 2.64628e-025
1.5495e-006 1.98753e-025 2.64325e-025
1.54963e-006 1.97992e-025 2.64023e-025
1.54975e-006 1.9723e-025 2.6372e-025
1.54988e-006 1.96469e-025 2.63418e-025
1.55e-006 1.95708e-025 2.63115e-025
1.55013e-006 1.94947e-025 2.62827e-025
1.55025e-006 1.94185e-025 2.62588e-025
1.55038e-006 1.93424e-025 2.62349e-025
1.55051e-006 1.92726e-025 2.62111e-025
1.55063e-006 1.92069e-025 2.61872e-025
1.55076e-006 1.91413e-025 2.61634e-025
1.55088e-006 1.90756e-025 2.61395e-025
1.55101e-006 1.901e-025 2.61157e-025
1.55113e-006 1.89443e-025 2.60918e-025
1.55126e-006 1.88786e-025 2.6068e-025
1.55138e-006 1.8813e-025 2.60441e-025
1.55151e-006 1.87473e-025 2.60202e-025
1.55163e-006 1.86838e-025 2.59964e-025
1.55176e-006 1.86203e-025 2.59725e-025
1.55188e-006 1.85569e-025 2.59487e-025
1.55201e-006 1.84935e-025 2.59248e-025
1.55214e-006 1.843e-025 2.5901e-025
1.55226e-006 1.83666e-025 2.58771e-025
1.55239e-006 1.83032e-025 2.58533e-025
1.55251e-006 1.82397e-025 2.58293e-025
1.55264e-006 1.81763e-025 2.57959e-025
1.55276e-006 1.81123e-025 2.57624e-025
1.55289e-006 1.8043e-025 2.5729e-025
1.55301e-006 1.79736e-025 2.56956e-025
1.55314e-006 1.79043e-025 2.56622e-025
1.55326e-006 1.7835e-025 2.56287e-025
1.55339e-006 1.77657e-025 2.55953e-025
1.55351e-006 1.76964e-025 2.55619e-025
1.55364e-006 1.76271e-025 2.55285e-025
1.55376e-006 1.75578e-025 2.5495e-025
1.55389e-006 1.74885e-025 2.54616e-025
1.55402e-006 1.74086e-025 2.54282e-025
1.55414e-006 1.73285e-025 2.53948e-025
1.55427e-006 1.72484e-025 2.53613e-025
1.55439e-006 1.71683e-025 2.53279e-025
1.55452e-006 1.70882e-025 2.52945e-025
1.55464e-006 1.70081e-025 2.52611e-025
1.55477e-006 1.6928e-025 2.52352e-025
1.55489e-006 1.68691e-025 2.52094e-025
1.55502e-006 1.68127e-025 2.51836e-025
1.55514e-006 1.67564e-025 2.51579e-025
1.55527e-006 1.67001e-025 2.51321e-025
1.55539e-006 1.66438e-025 2.51063e-025
1.55552e-006 1.65874e-025 2.50805e-025
1.55564e-006 1.65311e-025 2.50547e-025
1.55577e-006 1.64748e-025 2.5029e-025
1.5559e-006 1.64184e-025 2.50032e-025
1.55602e-006 1.63621e-025 2.49774e-025
1.55615e-006 1.63058e-025 2.49516e-025
1.55627e-006 1.62481e-025 2.49258e-025
1.5564e-006 1.61898e-025 2.49001e-025
1.55652e-006 1.61315e-025 2.48743e-025
1.55665e-006 1.60733e-025 2.48485e-025
1.55677e-006 1.6015e-025 2.48227e-025
1.5569e-006 1.59568e-025 2.47969e-025
1.55702e-006 1.58985e-025 2.47651e-025
1.55715e-006 1.58403e-025 2.47274e-025
1.55727e-006 1.5782e-025 2.46897e-025
1.5574e-006 1.57238e-025 2.4652e-025
1.55753e-006 1.56638e-025 2.46143e-025
1.55765e-006 1.55954e-025 2.45766e-025
1.55778e-006 1.5527e-025 2.45389e-025
1.5579e-006 1.54586e-025 2.45012e-025
1.55803e-006 1.53902e-025 2.44635e-025
1.55815e-006 1.53218e-025 2.44257e-025
1.55828e-006 1.52533e-025 2.4388e-025
1.5584e-006 1.51849e-025 2.43503e-025
1.55853e-006 1.51165e-025 2.43126e-025
1.55865e-006 1.50481e-025 2.42749e-025
1.55878e-006 1.49793e-025 2.42372e-025
1.5589e-006 1.49099e-025 2.41995e-025
1.55903e-006 1.48404e-025 2.41466e-025
1.55915e-006 1.47709e-025 2.40924e-025
1.55928e-006 1.47014e-025 2.40382e-025
1.55941e-006 1.46319e-025 2.39841e-025
1.55953e-006 1.45624e-025 2.39299e-025
1.55966e-006 1.4493e-025 2.38757e-025
1.55978e-006 1.44235e-025 2.38215e-025
1.55991e-006 1.43363e-025 2.37674e-025
1.56003e-006 1.42476e-025 2.37132e-025
1.56016e-006 1.41589e-025 2.3659e-025
1.56028e-006 1.40702e-025 2.36048e-025
1.56041e-006 1.39815e-025 2.35507e-025
1.56053e-006 1.38928e-025 2.34965e-025
1.56066e-006 1.38106e-025 2.34324e-025
1.56078e-006 1.37408e-025 2.33595e-025
1.56091e-006 1.36711e-025 2.32866e-025
1.56103e-006 1.36013e-025 2.32136e-025
1.56116e-006 1.35315e-025 2.31407e-025
1.56129e-006 1.34617e-025 2.30678e-025
1.56141e-006 1.3392e-025 2.29949e-025
1.56154e-006 1.33222e-025 2.2922e-025
1.56166e-006 1.32524e-025 2.28491e-025
1.56179e-006 1.31603e-025 2.27762e-025
1.56191e-006 1.30483e-025 2.26737e-025
1.56204e-006 1.29363e-025 2.25598e-025
1.56216e-006 1.28243e-025 2.24458e-025
1.56229e-006 1.27123e-025 2.23319e-025
1.56241e-006 1.26004e-025 2.22179e-025
1.56254e-006 1.25173e-025 2.2104e-025
1.56266e-006 1.24408e-025 2.199e-025
1.56279e-006 1.23643e-025 2.18793e-025
1.56292e-006 1.22878e-025 2.17955e-025
1.56304e-006 1.22114e-025 2.17118e-025
1.56317e-006 1.21349e-025 2.16281e-025
1.56329e-006 1.20584e-025 2.15444e-025
1.56342e-006 1.19819e-025 2.14607e-025
1.56354e-006 1.19054e-025 2.1377e-025
1.56367e-006 1.18347e-025 2.12933e-025
1.56379e-006 1.17647e-025 2.12096e-025
1.56392e-006 1.16947e-025 2.11257e-025
1.56404e-006 1.16247e-025 2.10352e-025
1.56417e-006 1.15548e-025 2.09447e-025
1.56429e-006 1.14848e-025 2.08542e-025
1.56442e-006 1.14148e-025 2.07637e-025
1.56454e-006 1.13448e-025 2.06732e-025
1.56467e-006 1.12748e-025 2.05827e-025
1.5648e-006 1.12027e-025 2.04921e-025
1.56492e-006 1.11021e-025 2.04016e-025
1.56505e-006 1.10015e-025 2.03111e-025
1.56517e-006 1.09009e-025 2.02015e-025
1.5653e-006 1.08003e-025 2.00911e-025
1.56542e-006 1.06997e-025 1.99807e-025
1.56555e-006 1.05991e-025 1.98703e-025
1.56567e-006 1.04985e-025 1.97599e-025
1.5658e-006 1.03948e-025 1.96495e-025
1.56592e-006 1.02868e-025 1.95385e-025
1.56605e-006 1.01787e-025 1.9412e-025
1.56617e-006 1.00707e-025 1.92854e-025
1.5663e-006 9.96268e-026 1.91589e-025
1.56642e-006 9.85465e-026 1.90323e-025
1.56655e-006 9.74663e-026 1.89057e-025
1.56668e-006 9.66306e-026 1.87792e-025
1.5668e-006 9.59293e-026 1.86536e-025
1.56693e-006 9.5228e-026 1.85339e-025
1.56705e-006 9.45268e-026 1.84143e-025
1.56718e-006 9.38255e-026 1.82946e-025
1.5673e-006 9.31242e-026 1.8175e-025
1.56743e-006 9.2423e-026 1.80553e-025
1.56755e-006 9.17217e-026 1.79357e-025
1.56768e-006 9.10204e-026 1.78208e-025
1.5678e-006 9.03043e-026 1.77223e-025
1.56793e-006 8.95629e-026 1.76238e-025
1.56805e-006 8.88215e-026 1.75253e-025
1.56818e-006 8.80801e-026 1.74268e-025
1.56831e-006 8.73387e-026 1.73283e-025
1.56843e-006 8.65973e-026 1.72298e-025
1.56856e-006 8.58559e-026 1.71313e-025
1.56868e-006 8.51145e-026 1.70328e-025
1.56881e-006 8.4375e-026 1.69295e-025
1.56893e-006 8.36365e-026 1.68054e-025
1.56906e-006 8.28979e-026 1.66813e-025
1.56918e-006 8.21593e-026 1.65572e-025
1.56931e-006 8.14208e-026 1.64331e-025
1.56943e-006 8.06822e-026 1.6309e-025
1.56956e-006 7.99436e-026 1.619e-025
1.56968e-006 7.92051e-026 1.60902e-025
1.56981e-006 7.84862e-026 1.59903e-025
1.56993e-006 7.78237e-026 1.58905e-025
1.57006e-006 7.71612e-026 1.57907e-025
1.57019e-006 7.64987e-026 1.56909e-025
1.57031e-006 7.58362e-026 1.5591e-025
1.57044e-006 7.51737e-026 1.54912e-025
1.57056e-006 7.45112e-026 1.53914e-025
1.57069e-006 7.38487e-026 1.52888e-025
1.57081e-006 7.31862e-026 1.51845e-025
1.57094e-006 7.25251e-026 1.50803e-025
1.57106e-006 7.1873e-026 1.49761e-025
1.57119e-006 7.12209e-026 1.48719e-025
1.57131e-006 7.05689e-026 1.47677e-025
1.57144e-006 6.99168e-026 1.46635e-025
1.57156e-006 6.92647e-026 1.45592e-025
1.57169e-006 6.86127e-026 1.44582e-025
1.57181e-006 6.79606e-026 1.43644e-025
1.57194e-006 6.73085e-026 1.42705e-025
1.57207e-006 6.66565e-026 1.41767e-025
1.57219e-006 6.60979e-026 1.40829e-025
1.57232e-006 6.55394e-026 1.3989e-025
1.57244e-006 6.49809e-026 1.38952e-025
1.57257e-006 6.44225e-026 1.38013e-025
1.57269e-006 6.3864e-026 1.37075e-025
1.57282e-006 6.33055e-026 1.36247e-025
1.57294e-006 6.27471e-026 1.35425e-025
1.57307e-006 6.21886e-026 1.34603e-025
1.57319e-006 6.16301e-026 1.33781e-025
1.57332e-006 6.10717e-026 1.32959e-025
1.57344e-006 6.05296e-026 1.32138e-025
1.57357e-006 6.00089e-026 1.31316e-025
1.5737e-006 5.94883e-026 1.30494e-025
1.57382e-006 5.89676e-026 1.29672e-025
1.57395e-006 5.8447e-026 1.28853e-025
1.57407e-006 5.79264e-026 1.28047e-025
1.5742e-006 5.74057e-026 1.27242e-025
1.57432e-006 5.68851e-026 1.26437e-025
1.57445e-006 5.63645e-026 1.25632e-025
1.57457e-006 5.58438e-026 1.24827e-025
1.5747e-006 5.53232e-026 1.24022e-025
1.57482e-006 5.48026e-026 1.23216e-025
1.57495e-006 5.42819e-026 1.22411e-025
1.57507e-006 5.38678e-026 1.21606e-025
1.5752e-006 5.34914e-026 1.2087e-025
1.57532e-006 5.31151e-026 1.2025e-025
1.57545e-006 5.27387e-026 1.19629e-025
1.57558e-006 5.23624e-026 1.19008e-025
1.5757e-006 5.1986e-026 1.18387e-025
1.57583e-006 5.16097e-026 1.17766e-025
1.57595e-006 5.12333e-026 1.17145e-025
1.57608e-006 5.0857e-026 1.16524e-025
1.5762e-006 5.04806e-026 1.15903e-025
1.57633e-006 5.01043e-026 1.15282e-025
1.57645e-006 4.97279e-026 1.14661e-025
1.57658e-006 4.93516e-026 1.14041e-025
1.5767e-006 4.89752e-026 1.13476e-025
1.57683e-006 4.85989e-026 1.12989e-025
1.57695e-006 4.82615e-026 1.12501e-025
1.57708e-006 4.79303e-026 1.12013e-025
1.5772e-006 4.75991e-026 1.11526e-025
1.57733e-006 4.7268e-026 1.11038e-025
1.57746e-006 4.69368e-026 1.1055e-025
1.57758e-006 4.66056e-026 1.10063e-025
1.57771e-006 4.62744e-026 1.09575e-025
1.57783e-006 4.59433e-026 1.09087e-025
1.57796e-006 4.56121e-026 1.086e-025
1.57808e-006 4.52809e-026 1.08112e-025
1.57821e-006 4.49497e-026 1.07624e-025
1.57833e-006 4.46186e-026 1.07137e-025
1.57846e-006 4.42874e-026 1.06679e-025
1.57858e-006 4.39562e-026 1.06221e-025
1.57871e-006 4.36251e-026 1.05763e-025
1.57883e-006 4.33023e-026 1.05305e-025
1.57896e-006 4.30041e-026 1.04846e-025
1.57909e-006 4.27058e-026 1.04388e-025
1.57921e-006 4.24076e-026 1.0393e-025
1.57934e-006 4.21094e-026 1.03472e-025
1.57946e-006 4.18111e-026 1.03014e-025
1.57959e-006 4.15129e-026 1.02556e-025
1.57971e-006 4.12146e-026 1.02098e-025
1.57984e-006 4.09164e-026 1.0164e-025
1.57996e-006 4.06181e-026 1.01182e-025
1.58009e-006 4.03199e-026 1.00724e-025
1.58021e-006 4.00216e-026 1.00265e-025
1.58034e-006 3.97234e-026 9.97804e-026
1.58046e-006 3.94252e-026 9.92647e-026
1.58059e-006 3.91269e-026 9.8749e-026
1.58071e-006 3.88287e-026 9.82332e-026
1.58084e-006 3.85763e-026 9.77175e-026
1.58097e-006 3.83503e-026 9.72018e-026
1.58109e-006 3.81242e-026 9.66861e-026
1.58122e-006 3.78982e-026 9.61703e-026
1.58134e-006 3.76722e-026 9.56546e-026
1.58147e-006 3.74462e-026 9.51389e-026
1.58159e-006 3.72201e-026 9.46232e-026
1.58172e-006 3.69941e-026 9.41074e-026
1.58184e-006 3.67681e-026 9.35917e-026
1.58197e-006 3.6542e-026 9.33111e-026
1.58209e-006 3.6316e-026 9.31005e-026
1.58222e-006 3.609e-026 9.28899e-026
1.58234e-006 3.58639e-026 9.26793e-026
1.58247e-006 3.56379e-026 9.24686e-026
1.58259e-006 3.54119e-026 9.2258e-026
1.58272e-006 3.51858e-026 9.20474e-026
1.58285e-006 3.50142e-026 9.18367e-026
1.58297e-006 3.48438e-026 9.16261e-026
1.5831e-006 3.46733e-026 9.14155e-026
1.58322e-006 3.45029e-026 9.12049e-026
1.58335e-006 3.43324e-026 9.09942e-026
1.58347e-006 3.4162e-026 9.07836e-026
1.5836e-006 3.39915e-026 9.0573e-026
1.58372e-006 3.38211e-026 9.03623e-026
1.58385e-006 3.36506e-026 9.01517e-026
1.58397e-006 3.34802e-026 8.99411e-026
1.5841e-006 3.33097e-026 8.97304e-026
1.58422e-006 3.31393e-026 8.95198e-026
1.58435e-006 3.29688e-026 8.92804e-026
1.58448e-006 3.27984e-026 8.90171e-026
1.5846e-006 3.26279e-026 8.87538e-026
1.58473e-006 3.24652e-026 8.84905e-026
1.58485e-006 3.23208e-026 8.82272e-026
1.58498e-006 3.21765e-026 8.7964e-026
1.5851e-006 3.20321e-026 8.77007e-026
1.58523e-006 3.18877e-026 8.74374e-026
1.58535e-006 3.17434e-026 8.71741e-026
1.58548e-006 3.1599e-026 8.69108e-026
1.5856e-006 3.14547e-026 8.66475e-026
1.58573e-006 3.13103e-026 8.63843e-026
1.58585e-006 3.11659e-026 8.6121e-026
1.58598e-006 3.10216e-026 8.58577e-026
1.5861e-006 3.08772e-026 8.55944e-026
1.58623e-006 3.07328e-026 8.53311e-026
1.58636e-006 3.05885e-026 8.50679e-026
1.58648e-006 3.04441e-026 8.48046e-026
1.58661e-006 3.02998e-026 8.45426e-026
1.58673e-006 3.01476e-026 8.42984e-026
1.58686e-006 2.99902e-026 8.40542e-026
1.58698e-006 2.98328e-026 8.381e-026
1.58711e-006 2.96754e-026 8.35658e-026
1.58723e-006 2.9518e-026 8.33216e-026
1.58736e-006 2.93606e-026 8.30774e-026
1.58748e-006 2.92032e-026 8.28332e-026
1.58761e-006 2.90458e-026 8.2589e-026
1.58773e-006 2.88884e-026 8.23448e-026
1.58786e-006 2.8731e-026 8.21006e-026
1.58798e-006 2.85736e-026 8.18564e-026
1.58811e-006 2.84161e-026 8.16122e-026
1.58824e-006 2.82587e-026 8.1368e-026
1.58836e-006 2.81013e-026 8.11238e-026
1.58849e-006 2.79439e-026 8.08796e-026
1.58861e-006 2.77865e-026 8.06354e-026
1.58874e-006 2.76751e-026 8.03912e-026
1.58886e-006 2.75682e-026 8.0147e-026
1.58899e-006 2.74613e-026 7.99489e-026
1.58911e-006 2.73544e-026 7.97849e-026
1.58924e-006 2.72474e-026 7.9621e-026
1.58936e-006 2.71405e-026 7.94571e-026
1.58949e-006 2.70336e-026 7.92932e-026
1.58961e-006 2.69266e-026 7.91293e-026
1.58974e-006 2.68197e-026 7.89654e-026
1.58987e-006 2.67128e-026 7.88015e-026
1.58999e-006 2.66058e-026 7.86376e-026
1.59012e-006 2.64989e-026 7.84737e-026
1.59024e-006 2.6392e-026 7.83097e-026
1.59037e-006 2.6285e-026 7.81458e-026
1.59049e-006 2.61781e-026 7.79819e-026
1.59062e-006 2.6067e-026 7.7818e-026
1.59074e-006 2.59389e-026 7.76541e-026
1.59087e-006 2.58108e-026 7.74902e-026
1.59099e-006 2.56828e-026 7.73263e-026
1.59112e-006 2.55547e-026 7.71624e-026
1.59124e-006 2.54266e-026 7.69985e-026
1.59137e-006 2.52985e-026 7.68346e-026
1.59149e-006 2.51705e-026 7.66706e-026
1.59162e-006 2.50424e-026 7.64787e-026
1.59175e-006 2.49143e-026 7.62835e-026
1.59187e-006 2.47862e-026 7.60884e-026
1.592e-006 2.46582e-026 7.58932e-026
1.59212e-006 2.45301e-026 7.5698e-026
1.59225e-006 2.4402e-026 7.55028e-026
1.59237e-006 2.42739e-026 7.53077e-026
1.5925e-006 2.41458e-026 7.51125e-026
1.59262e-006 2.40129e-026 7.49173e-026
1.59275e-006 2.38751e-026 7.47221e-026
1.59287e-006 2.37373e-026 7.4527e-026
1.593e-006 2.35994e-026 7.43318e-026
1.59312e-006 2.34616e-026 7.41748e-026
1.59325e-006 2.33237e-026 7.40282e-026
1.59337e-006 2.31859e-026 7.38816e-026
1.5935e-006 2.3048e-026 7.3735e-026
1.59363e-006 2.29102e-026 7.35883e-026
1.59375e-006 2.27723e-026 7.34417e-026
1.59388e-006 2.26345e-026 7.32951e-026
1.594e-006 2.24966e-026 7.31484e-026
1.59413e-006 2.23588e-026 7.30018e-026
1.59425e-006 2.22209e-026 7.28552e-026
1.59438e-006 2.20831e-026 7.27086e-026
1.5945e-006 2.19453e-026 7.25619e-026
1.59463e-006 2.18578e-026 7.24153e-026
1.59475e-006 2.17834e-026 7.22687e-026
1.59488e-006 2.17089e-026 7.21221e-026
1.595e-006 2.16345e-026 7.19754e-026
1.59513e-006 2.156e-026 7.18288e-026
1.59526e-006 2.14856e-026 7.16822e-026
1.59538e-006 2.14111e-026 7.15356e-026
1.59551e-006 2.13367e-026 7.13889e-026
1.59563e-006 2.12622e-026 7.1227e-026
1.59576e-006 2.11878e-026 7.10615e-026
1.59588e-006 2.11133e-026 7.0896e-026
1.59601e-006 2.10389e-026 7.07305e-026
1.59613e-006 2.09644e-026 7.05651e-026
1.59626e-006 2.089e-026 7.03996e-026
1.59638e-006 2.08155e-026 7.02341e-026
1.59651e-006 2.07372e-026 7.00686e-026
1.59663e-006 2.06042e-026 6.99031e-026
1.59676e-006 2.04713e-026 6.97377e-026
1.59688e-006 2.03383e-026 6.95722e-026
1.59701e-006 2.02053e-026 6.94067e-026
1.59714e-006 2.00724e-026 6.92412e-026
1.59726e-006 1.99394e-026 6.90757e-026
1.59739e-006 1.98065e-026 6.89103e-026
1.59751e-006 1.96735e-026 6.87448e-026
1.59764e-006 1.95405e-026 6.85793e-026
1.59776e-006 1.94076e-026 6.84138e-026
1.59789e-006 1.92746e-026 6.82483e-026
1.59801e-006 1.91417e-026 6.8073e-026
1.59814e-006 1.90087e-026 6.78899e-026
1.59826e-006 1.88757e-026 6.77068e-026
1.59839e-006 1.87428e-026 6.75238e-026
1.59851e-006 1.86324e-026 6.73407e-026
1.59864e-006 1.85611e-026 6.71576e-026
1.59876e-006 1.84899e-026 6.69746e-026
1.59889e-006 1.84187e-026 6.67915e-026
1.59902e-006 1.83475e-026 6.66084e-026
1.59914e-006 1.82763e-026 6.64254e-026
1.59927e-006 1.82051e-026 6.62423e-026
1.59939e-006 1.81339e-026 6.60592e-026
1.59952e-006 1.80627e-026 6.58762e-026
1.59964e-006 1.79915e-026 6.56931e-026
1.59977e-006 1.79203e-026 6.55101e-026
1.59989e-006 1.78491e-026 6.5327e-026
1.60002e-006 1.77779e-026 6.51439e-026
1.60014e-006 1.77066e-026 6.49609e-026
1.60027e-006 1.76354e-026 6.47819e-026
1.60039e-006 1.75642e-026 6.47159e-026
1.60052e-006 1.75115e-026 6.46498e-026
1.60065e-006 1.74695e-026 6.45838e-026
1.60077e-006 1.74274e-026 6.45178e-026
1.6009e-006 1.73854e-026 6.44518e-026
1.60102e-006 1.73433e-026 6.43858e-026
1.60115e-006 1.73013e-026 6.43198e-026
1.60127e-006 1.72593e-026 6.42538e-026
1.6014e-006 1.72172e-026 6.41877e-026
1.60152e-006 1.71752e-026 6.41217e-026
1.60165e-006 1.71331e-026 6.40557e-026
1.60177e-006 1.70911e-026 6.39897e-026
1.6019e-006 1.70491e-026 6.39237e-026
1.60202e-006 1.7007e-026 6.38577e-026
1.60215e-006 1.6965e-026 6.37917e-026
1.60227e-006 1.69229e-026 6.37256e-026
1.6024e-006 1.68809e-026 6.36596e-026
1.60253e-006 1.68086e-026 6.35936e-026
1.60265e-006 1.67326e-026 6.35276e-026
1.60278e-006 1.66565e-026 6.34616e-026
1.6029e-006 1.65804e-026 6.33772e-026
1.60303e-006 1.65043e-026 6.32489e-026
1.60315e-006 1.64283e-026 6.31207e-026
1.60328e-006 1.63522e-026 6.29924e-026
1.6034e-006 1.62761e-026 6.28641e-026
1.60353e-006 1.62e-026 6.27359e-026
1.60365e-006 1.6124e-026 6.26076e-026
1.60378e-006 1.60479e-026 6.24794e-026
1.6039e-006 1.59718e-026 6.23511e-026
1.60403e-006 1.58957e-026 6.22228e-026
1.60415e-006 1.58196e-026 6.20946e-026
1.60428e-006 1.57436e-026 6.19663e-026
1.60441e-006 1.56685e-026 6.1838e-026
1.60453e-006 1.55989e-026 6.17098e-026
1.60466e-006 1.55294e-026 6.15815e-026
1.60478e-006 1.54598e-026 6.14532e-026
1.60491e-006 1.53902e-026 6.1325e-026
1.60503e-006 1.53206e-026 6.11967e-026
1.60516e-006 1.5251e-026 6.10684e-026
1.60528e-006 1.51814e-026 6.08323e-026
1.60541e-006 1.51118e-026 6.05576e-026
1.60553e-006 1.50423e-026 6.0283e-026
1.60566e-006 1.49727e-026 6.00083e-026
1.60578e-006 1.49031e-026 5.97336e-026
1.60591e-006 1.48335e-026 5.94589e-026
1.60604e-006 1.47639e-026 5.91842e-026
1.60616e-006 1.46943e-026 5.89095e-026
1.60629e-006 1.46247e-026 5.86349e-026
1.60641e-006 1.4544e-026 5.83602e-026
1.60654e-006 1.44485e-026 5.80855e-026
1.60666e-006 1.43529e-026 5.78108e-026
1.60679e-006 1.42574e-026 5.75361e-026
1.60691e-006 1.41618e-026 5.72614e-026
1.60704e-006 1.40663e-026 5.69867e-026
1.60716e-006 1.39707e-026 5.67296e-026
1.60729e-006 1.38751e-026 5.6624e-026
1.60741e-006 1.37796e-026 5.65184e-026
1.60754e-006 1.3684e-026 5.64128e-026
1.60766e-006 1.35885e-026 5.63072e-026
1.60779e-006 1.34929e-026 5.62016e-026
1.60792e-006 1.33974e-026 5.6096e-026
1.60804e-006 1.33018e-026 5.59904e-026
1.60817e-006 1.32063e-026 5.58848e-026
1.60829e-006 1.31107e-026 5.57792e-026
1.60842e-006 1.30393e-026 5.56736e-026
1.60854e-006 1.29778e-026 5.5568e-026
1.60867e-006 1.29163e-026 5.54624e-026
1.60879e-006 1.28548e-026 5.53568e-026
1.60892e-006 1.27934e-026 5.52512e-026
1.60904e-006 1.27319e-026 5.51456e-026
1.60917e-006 1.26704e-026 5.504e-026
1.60929e-006 1.26089e-026 5.49344e-026
1.60942e-006 1.25474e-026 5.48288e-026
1.60954e-006 1.2486e-026 5.47232e-026
1.60967e-006 1.24245e-026 5.46173e-026
1.6098e-006 1.2363e-026 5.45092e-026
1.60992e-006 1.23015e-026 5.4401e-026
1.61005e-006 1.224e-026 5.42928e-026
1.61017e-006 1.21786e-026 5.41846e-026
1.6103e-006 1.21171e-026 5.40765e-026
1.61042e-006 1.20698e-026 5.39683e-026
1.61055e-006 1.20229e-026 5.38601e-026
1.61067e-006 1.1976e-026 5.37519e-026
1.6108e-006 1.19291e-026 5.36437e-026
1.61092e-006 1.18822e-026 5.35356e-026
1.61105e-006 1.18353e-026 5.34274e-026
1.61117e-006 1.17884e-026 5.33192e-026
1.6113e-006 1.17415e-026 5.3211e-026
1.61143e-006 1.16946e-026 5.31029e-026
1.61155e-006 1.16477e-026 5.29947e-026
1.61168e-006 1.16008e-026 5.28865e-026
1.6118e-006 1.15539e-026 5.27783e-026
1.61193e-006 1.1507e-026 5.26702e-026
1.61205e-006 1.14601e-026 5.2562e-026
1.61218e-006 1.14132e-026 5.2453e-026
1.6123e-006 1.1363e-026 5.23371e-026
1.61243e-006 1.13015e-026 5.22212e-026
1.61255e-006 1.124e-026 5.21053e-026
1.61268e-006 1.11785e-026 5.19894e-026
1.6128e-006 1.11171e-026 5.18735e-026
1.61293e-006 1.10556e-026 5.17576e-026
1.61305e-006 1.09941e-026 5.16417e-026
1.61318e-006 1.09326e-026 5.15257e-026
1.61331e-006 1.08711e-026 5.14098e-026
1.61343e-006 1.08097e-026 5.12939e-026
1.61356e-006 1.07482e-026 5.1178e-026
1.61368e-006 1.06867e-026 5.10621e-026
1.61381e-006 1.06252e-026 5.09462e-026
1.61393e-006 1.05637e-026 5.08303e-026
1.61406e-006 1.05023e-026 5.07144e-026
1.61418e-006 1.04408e-026 5.05985e-026
1.61431e-006 1.03945e-026 5.04826e-026
1.61443e-006 1.03638e-026 5.03667e-026
1.61456e-006 1.03331e-026 5.02508e-026
1.61468e-006 1.03024e-026 5.01436e-026
1.61481e-006 1.02717e-026 5.01058e-026
1.61493e-006 1.02409e-026 5.0068e-026
1.61506e-006 1.02102e-026 5.00302e-026
1.61519e-006 1.01795e-026 4.99924e-026
1.61531e-006 1.01488e-026 4.99546e-026
1.61544e-006 1.01181e-026 4.99168e-026
1.61556e-006 1.00874e-026 4.9879e-026
1.61569e-006 1.00567e-026 4.98413e-026
1.61581e-006 1.0026e-026 4.98035e-026
1.61594e-006 9.99526e-027 4.97657e-026
1.61606e-006 9.96455e-027 4.97279e-026
1.61619e-006 9.93384e-027 4.96901e-026
1.61631e-006 9.85253e-027 4.96523e-026
1.61644e-006 9.75372e-027 4.96145e-026
1.61656e-006 9.65492e-027 4.95767e-026
1.61669e-006 9.55611e-027 4.93912e-026
1.61681e-006 9.45731e-027 4.89475e-026
1.61694e-006 9.3585e-027 4.85038e-026
1.61707e-006 9.2597e-027 4.80601e-026
1.61719e-006 9.16089e-027 4.76164e-026
1.61732e-006 9.06209e-027 4.71727e-026
1.61744e-006 8.96328e-027 4.6729e-026
1.61757e-006 8.86448e-027 4.62853e-026
1.61769e-006 8.76567e-027 4.58416e-026
1.61782e-006 8.66687e-027 4.53979e-026
1.61794e-006 8.56806e-027 4.49542e-026
1.61807e-006 8.46925e-027 4.45105e-026
1.61819e-006 8.37135e-027 4.40668e-026
1.61832e-006 8.30825e-027 4.36231e-026
1.61844e-006 8.24515e-027 4.3246e-026
1.61857e-006 8.18205e-027 4.30974e-026
1.6187e-006 8.11895e-027 4.29488e-026
1.61882e-006 8.05585e-027 4.28002e-026
1.61895e-006 7.99275e-027 4.26515e-026
1.61907e-006 7.92965e-027 4.25029e-026
1.6192e-006 7.86655e-027 4.23543e-026
1.61932e-006 7.80345e-027 4.22057e-026
1.61945e-006 7.74035e-027 4.20571e-026
1.61957e-006 7.67724e-027 4.19084e-026
1.6197e-006 7.61414e-027 4.17598e-026
1.61982e-006 7.55104e-027 4.16112e-026
1.61995e-006 7.48794e-027 4.14626e-026
1.62007e-006 7.42484e-027 4.1314e-026
1.6202e-006 7.36785e-027 4.11653e-026
1.62032e-006 7.32581e-027 4.10167e-026
1.62045e-006 7.28377e-027 4.08681e-026
1.62058e-006 7.24173e-027 4.07195e-026
1.6207e-006 7.19969e-027 4.05708e-026
1.62083e-006 7.15765e-027 4.04222e-026
1.62095e-006 7.11561e-027 4.0259e-026
1.62108e-006 7.07357e-027 4.00527e-026
1.6212e-006 7.03154e-027 3.98463e-026
1.62133e-006 6.9895e-027 3.964e-026
1.62145e-006 6.94746e-027 3.94336e-026
1.62158e-006 6.90542e-027 3.92273e-026
1.6217e-006 6.86338e-027 3.90209e-026
1.62183e-006 6.82134e-027 3.88146e-026
1.62195e-006 6.7793e-027 3.86082e-026
1.62208e-006 6.73726e-027 3.84018e-026
1.6222e-006 6.67932e-027 3.81955e-026
1.62233e-006 6.60811e-027 3.79891e-026
1.62246e-006 6.5369e-027 3.77828e-026
1.62258e-006 6.4657e-027 3.75764e-026
1.62271e-006 6.39449e-027 3.73701e-026
1.62283e-006 6.32328e-027 3.71637e-026
1.62296e-006 6.25207e-027 3.69574e-026
1.62308e-006 6.18086e-027 3.6751e-026
1.62321e-006 6.10965e-027 3.65447e-026
1.62333e-006 6.03844e-027 3.6342e-026
1.62346e-006 5.96724e-027 3.62733e-026
1.62358e-006 5.89603e-027 3.62047e-026
1.62371e-006 5.82482e-027 3.6136e-026
1.62383e-006 5.75361e-027 3.60674e-026
1.62396e-006 5.6824e-027 3.59987e-026
1.62409e-006 5.61119e-027 3.59301e-026
1.62421e-006 5.59005e-027 3.58614e-026
1.62434e-006 5.58036e-027 3.57928e-026
1.62446e-006 5.57066e-027 3.57241e-026
1.62459e-006 5.56097e-027 3.56555e-026
1.62471e-006 5.55128e-027 3.55869e-026
1.62484e-006 5.54159e-027 3.55182e-026
1.62496e-006 5.5319e-027 3.54496e-026
1.62509e-006 5.52221e-027 3.53809e-026
1.62521e-006 5.51251e-027 3.53123e-026
1.62534e-006 5.50282e-027 3.52436e-026
1.62546e-006 5.49313e-027 3.5175e-026
1.62559e-006 5.48344e-027 3.51063e-026
1.62571e-006 5.47375e-027 3.50377e-026
1.62584e-006 5.46405e-027 3.49691e-026
1.62597e-006 5.45436e-027 3.48958e-026
1.62609e-006 5.44501e-027 3.48111e-026
1.62622e-006 5.44178e-027 3.47265e-026
1.62634e-006 5.43855e-027 3.46418e-026
1.62647e-006 5.43532e-027 3.45572e-026
1.62659e-006 5.43209e-027 3.44725e-026
1.62672e-006 5.42886e-027 3.43878e-026
1.62684e-006 5.42563e-027 3.43032e-026
1.62697e-006 5.4224e-027 3.42185e-026
1.62709e-006 5.41917e-027 3.41339e-026
1.62722e-006 5.41594e-027 3.40492e-026
1.62734e-006 5.41271e-027 3.39645e-026
1.62747e-006 5.40948e-027 3.38799e-026
1.62759e-006 5.40625e-027 3.37952e-026
1.62772e-006 5.40302e-027 3.37106e-026
1.62785e-006 5.39979e-027 3.36259e-026
1.62797e-006 5.39656e-027 3.35412e-026
1.6281e-006 5.38634e-027 3.34566e-026
1.62822e-006 5.35886e-027 3.33719e-026
1.62835e-006 5.33139e-027 3.32873e-026
1.62847e-006 5.30391e-027 3.31793e-026
1.6286e-006 5.27644e-027 3.30099e-026
1.62872e-006 5.24896e-027 3.28405e-026
1.62885e-006 5.22149e-027 3.2671e-026
1.62897e-006 5.19401e-027 3.25016e-026
1.6291e-006 5.16654e-027 3.23322e-026
1.62922e-006 5.13906e-027 3.21628e-026
1.62935e-006 5.11159e-027 3.19934e-026
1.62948e-006 5.08411e-027 3.1824e-026
1.6296e-006 5.05664e-027 3.16546e-026
1.62973e-006 5.02916e-027 3.14852e-026
1.62985e-006 5.00169e-027 3.13158e-026
1.62998e-006 4.97421e-027 3.11463e-026
1.6301e-006 4.94934e-027 3.09769e-026
1.63023e-006 4.92671e-027 3.08075e-026
1.63035e-006 4.90409e-027 3.06381e-026
1.63048e-006 4.88147e-027 3.04687e-026
1.6306e-006 4.85884e-027 3.02993e-026
1.63073e-006 4.83622e-027 3.01299e-026
1.63085e-006 4.8136e-027 2.99605e-026
1.63098e-006 4.79098e-027 2.98193e-026
1.6311e-006 4.76835e-027 2.97395e-026
1.63123e-006 4.74573e-027 2.96598e-026
1.63136e-006 4.72311e-027 2.958e-026
1.63148e-006 4.70048e-027 2.95003e-026
1.63161e-006 4.67786e-027 2.94206e-026
1.63173e-006 4.65524e-027 2.93408e-026
1.63186e-006 4.63261e-027 2.92611e-026
1.63198e-006 4.60999e-027 2.91813e-026
1.63211e-006 4.58358e-027 2.91016e-026
1.63223e-006 4.5561e-027 2.90219e-026
1.63236e-006 4.52863e-027 2.89421e-026
1.63248e-006 4.50115e-027 2.88624e-026
1.63261e-006 4.47368e-027 2.87827e-026
1.63273e-006 4.4462e-027 2.87029e-026
1.63286e-006 4.41872e-027 2.86232e-026
1.63298e-006 4.39125e-027 2.85434e-026
1.63311e-006 4.36377e-027 2.84637e-026
1.63324e-006 4.3363e-027 2.8384e-026
1.63336e-006 4.30882e-027 2.83042e-026
1.63349e-006 4.28135e-027 2.82245e-026
1.63361e-006 4.25387e-027 2.80554e-026
1.63374e-006 4.2264e-027 2.78226e-026
1.63386e-006 4.19892e-027 2.75897e-026
1.63399e-006 4.17066e-027 2.73569e-026
1.63411e-006 4.11566e-027 2.7124e-026
1.63424e-006 4.06066e-027 2.68912e-026
1.63436e-006 4.00567e-027 2.66583e-026
1.63449e-006 3.95067e-027 2.64255e-026
1.63461e-006 3.89567e-027 2.61927e-026
1.63474e-006 3.84067e-027 2.59598e-026
1.63487e-006 3.78568e-027 2.5727e-026
1.63499e-006 3.73068e-027 2.54941e-026
1.63512e-006 3.67568e-027 2.52613e-026
1.63524e-006 3.62068e-027 2.50284e-026
1.63537e-006 3.56569e-027 2.47956e-026
1.63549e-006 3.51069e-027 2.45628e-026
1.63562e-006 3.45569e-027 2.43299e-026
1.63574e-006 3.4007e-027 2.40971e-026
1.63587e-006 3.3457e-027 2.38642e-026
1.63599e-006 3.29961e-027 2.36552e-026
1.63612e-006 3.27537e-027 2.34862e-026
1.63624e-006 3.25113e-027 2.33173e-026
1.63637e-006 3.22689e-027 2.31483e-026
1.63649e-006 3.20265e-027 2.29793e-026
1.63662e-006 3.17841e-027 2.28103e-026
1.63675e-006 3.15417e-027 2.26413e-026
1.63687e-006 3.12993e-027 2.24724e-026
1.637e-006 3.10569e-027 2.23034e-026
1.63712e-006 3.08145e-027 2.21344e-026
1.63725e-006 3.05721e-027 2.19654e-026
1.63737e-006 3.03297e-027 2.17964e-026
1.6375e-006 3.00873e-027 2.16274e-026
1.63762e-006 2.98449e-027 2.14585e-026
1.63775e-006 2.96025e-027 2.12895e-026
1.63787e-006 2.93601e-027 2.11205e-026
1.638e-006 2.9057e-027 2.09515e-026
1.63812e-006 2.87014e-027 2.07825e-026
1.63825e-006 2.83457e-027 2.06136e-026
1.63837e-006 2.79901e-027 2.04446e-026
1.6385e-006 2.76344e-027 2.03263e-026
1.63863e-006 2.72788e-027 2.022e-026
1.63875e-006 2.69231e-027 2.01137e-026
1.63888e-006 2.65675e-027 2.00074e-026
1.639e-006 2.62118e-027 1.99011e-026
1.63913e-006 2.58562e-027 1.97948e-026
1.63925e-006 2.55005e-027 1.96885e-026
1.63938e-006 2.51449e-027 1.95822e-026
1.6395e-006 2.47892e-027 1.94759e-026
1.63963e-006 2.44335e-027 1.93696e-026
1.63975e-006 2.40779e-027 1.92633e-026
1.63988e-006 2.37222e-027 1.9157e-026
1.64e-006 2.33411e-027 1.90508e-026
1.64013e-006 2.29531e-027 1.89445e-026
1.64026e-006 2.25651e-027 1.87747e-026
1.64038e-006 2.21771e-027 1.85928e-026
1.64051e-006 2.1789e-027 1.8411e-026
1.64063e-006 2.1401e-027 1.82291e-026
1.64076e-006 2.1013e-027 1.80472e-026
1.64088e-006 2.0625e-027 1.78654e-026
1.64101e-006 2.02369e-027 1.76835e-026
1.64113e-006 1.98489e-027 1.75017e-026
1.64126e-006 1.94609e-027 1.73198e-026
1.64138e-006 1.90729e-027 1.71379e-026
1.64151e-006 1.86849e-027 1.69561e-026
1.64163e-006 1.82968e-027 1.67742e-026
1.64176e-006 1.79088e-027 1.65924e-026
1.64188e-006 1.75228e-027 1.64105e-026
1.64201e-006 1.71833e-027 1.62286e-026
1.64214e-006 1.68438e-027 1.60468e-026
1.64226e-006 1.65044e-027 1.58649e-026
1.64239e-006 1.61649e-027 1.56831e-026
1.64251e-006 1.58254e-027 1.5444e-026
1.64264e-006 1.5486e-027 1.50791e-026
1.64276e-006 1.51465e-027 1.47142e-026
1.64289e-006 1.4807e-027 1.43493e-026
1.64301e-006 1.44676e-027 1.39844e-026
1.64314e-006 1.41281e-027 1.36195e-026
1.64326e-006 1.37886e-027 1.32546e-026
1.64339e-006 1.34492e-027 1.28897e-026
1.64351e-006 1.31097e-027 1.25248e-026
1.64364e-006 1.27702e-027 1.21599e-026
1.64376e-006 1.24307e-027 1.1795e-026
1.64389e-006 1.66348e-027 1.14302e-026
1.64402e-006 3.19065e-027 1.10653e-026
1.64414e-006 4.71781e-027 1.07004e-026
1.64427e-006 6.24498e-027 1.03355e-026
1.64439e-006 7.77214e-027 9.97056e-027
1.64452e-006 9.24302e-027 9.60823e-027
1.64464e-006 8.53602e-027 9.42286e-027
1.64477e-006 7.82901e-027 9.23749e-027
1.64489e-006 7.12201e-027 9.05212e-027
1.64502e-006 6.41501e-027 8.86675e-027
1.64514e-006 5.70801e-027 8.68138e-027
1.64527e-006 5.001e-027 8.49601e-027
1.64539e-006 4.294e-027 8.31063e-027
1.64552e-006 3.587e-027 8.12526e-027
1.64565e-006 2.88e-027 7.93989e-027
1.64577e-006 2.17299e-027 7.75452e-027
1.6459e-006 1.46599e-027 7.56915e-027
1.64602e-006 1.78688e-027 7.38378e-027
1.64615e-006 2.14286e-027 7.19841e-027
1.64627e-006 2.49884e-027 7.01304e-027
1.6464e-006 2.85482e-027 6.82766e-027
1.64652e-006 3.21079e-027 6.64229e-027
1.64665e-006 3.56677e-027 6.45692e-027
1.64677e-006 3.92275e-027 6.27155e-027
1.6469e-006 4.27873e-027 6.08618e-027
1.64702e-006 4.63471e-027 5.90081e-027
1.64715e-006 4.99068e-027 5.53203e-027
1.64727e-006 5.34666e-027 5.09865e-027
1.6474e-006 5.09964e-027 4.66528e-027
1.64753e-006 3.3486e-027 4.2319e-027
1.64765e-006 1.59757e-027 3.79852e-027
1.64778e-006 8.39341e-028 3.36515e-027
1.6479e-006 8.38262e-028 2.93177e-027
1.64803e-006 8.37182e-028 2.49839e-027
1.64815e-006 8.36103e-028 2.06502e-027
1.64828e-006 8.35023e-028 1.63164e-027
1.6484e-006 8.33944e-028 1.28365e-027
1.64853e-006 8.32864e-028 1.34893e-027
1.64865e-006 8.31785e-028 1.41421e-027
1.64878e-006 8.30705e-028 1.47949e-027
1.6489e-006 8.29625e-028 1.54477e-027
1.64903e-006 8.28546e-028 1.61004e-027
1.64915e-006 8.27466e-028 1.67532e-027
1.64928e-006 8.26387e-028 1.7406e-027
1.64941e-006 8.25307e-028 1.80588e-027
1.64953e-006 8.24396e-028 1.87116e-027
1.64966e-006 8.24396e-028 1.93644e-027
1.64978e-006 8.24396e-028 2.00172e-027
1.64991e-006 8.24396e-028 2.067e-027
1.65003e-006 8.24396e-028 2.13228e-027
1.65016e-006 8.24396e-028 2.19756e-027
1.65028e-006 8.24396e-028 2.98208e-027
1.65041e-006 8.24396e-028 3.85404e-027
1.65053e-006 8.24396e-028 4.726e-027
1.65066e-006 8.24396e-028 5.59796e-027
1.65078e-006 8.24396e-028 6.46992e-027
1.65091e-006 8.24396e-028 7.34188e-027
1.65104e-006 8.24396e-028 8.21384e-027
1.65116e-006 8.24396e-028 9.0858e-027
