930			8.96646e-27			0			
930.172			6.8118e-27			0			
930.345			7.53646e-27			0			
930.517			8.00991e-27			0			
930.69			6.57991e-27			0			
930.862			7.05335e-27			0			
931.034			6.69586e-27			0			
931.207			7.05335e-27			0			
931.379			8.3674e-27			0			
931.552			7.29491e-27			0			
931.724			8.60896e-27			0			
931.897			6.8118e-27			0			
932.069			7.76835e-27			0			
932.241			8.25146e-27			0			
932.414			5.85525e-27			0			
932.586			7.53646e-27			0			
932.759			7.41085e-27			0			
932.931			8.60896e-27			0			
933.103			7.41085e-27			0			
933.276			7.89396e-27			0			
933.448			8.49301e-27			0			
933.621			7.29491e-27			0			
933.793			8.00991e-27			0			
933.966			7.89396e-27			0			
934.138			7.29491e-27			0			
934.31			7.41085e-27			0			
934.483			7.53646e-27			0			
934.655			7.53646e-27			0			
934.828			7.41085e-27			0			
935			8.49301e-27			0			
935.172			8.25146e-27			0			
935.345			8.49301e-27			0			
935.517			6.93741e-27			0			
935.69			6.8118e-27			0			
935.862			7.53646e-27			0			
936.034			6.57991e-27			0			
936.207			8.49301e-27			0			
936.379			6.8118e-27			0			
936.552			6.93741e-27			0			
936.724			8.3674e-27			0			
936.897			8.00991e-27			0			
937.069			7.29491e-27			0			
937.241			6.57991e-27			0			
937.414			8.49301e-27			0			
937.586			7.76835e-27			0			
937.759			7.29491e-27			0			
937.931			7.17896e-27			0			
938.103			6.4543e-27			0			
938.276			8.00991e-27			0			
938.448			7.76835e-27			0			
938.621			7.65241e-27			0			
938.793			6.69586e-27			0			
938.966			7.65241e-27			0			
939.138			7.76835e-27			0			
939.31			7.53646e-27			0			
939.483			7.53646e-27			0			
939.655			7.41085e-27			0			
939.828			8.60896e-27			0			
940			8.25146e-27			0			
940.172			9.09206e-27			0			
940.345			7.89396e-27			0			
940.517			8.00991e-27			0			
940.69			8.3674e-27			0			
940.862			8.25146e-27			0			
941.034			8.49301e-27			0			
941.207			7.89396e-27			0			
941.379			8.60896e-27			0			
941.552			9.44956e-27			0			
941.724			9.56551e-27			0			
941.897			8.13551e-27			0			
942.069			8.25146e-27			0			
942.241			8.85051e-27			0			
942.414			8.96646e-27			0			
942.586			8.85051e-27			0			
942.759			9.20801e-27			0			
942.931			8.96646e-27			0			
943.103			9.32395e-27			0			
943.276			8.96646e-27			0			
943.448			8.7249e-27			0			
943.621			9.32395e-27			0			
943.793			9.44956e-27			0			
943.966			1.04351e-26			0			
944.138			1.01452e-26			0			
944.31			9.44956e-27			0			
944.483			9.56551e-27			0			
944.655			1.01452e-26			0			
944.828			9.95199e-27			0			
945			1.00486e-26			0			
945.172			1.0725e-26			0			
945.345			1.01452e-26			0			
945.517			1.06283e-26			0			
945.69			1.05317e-26			0			
945.862			1.00486e-26			0			
946.034			1.02419e-26			0			
946.207			9.75875e-27			0			
946.379			1.0725e-26			0			
946.552			1.04351e-26			0			
946.724			1.12081e-26			0			
946.897			1.10148e-26			0			
947.069			1.16912e-26			0			
947.241			1.15946e-26			0			
947.414			1.14979e-26			0			
947.586			1.24641e-26			0			
947.759			1.22709e-26			0			
947.931			1.2754e-26			0			
948.103			1.22709e-26			0			
948.276			1.30439e-26			0			
948.448			1.32371e-26			0			
948.621			1.30439e-26			0			
948.793			1.31405e-26			0			
948.966			1.3527e-26			0			
949.138			1.37202e-26			0			
949.31			1.34304e-26			0			
949.483			1.34304e-26			0			
949.655			1.37202e-26			0			
949.828			1.44932e-26			0			
950			1.47831e-26			0			
950.172			1.47831e-26			0			
950.345			1.56526e-26			0			
950.517			1.60391e-26			0			
950.69			1.65222e-26			0			
950.862			1.7102e-26			0			
951.034			1.67155e-26			0			
951.207			1.74885e-26			0			
951.379			1.76817e-26			0			
951.552			1.85513e-26			0			
951.724			1.77783e-26			0			
951.897			1.89378e-26			0			
952.069			1.95175e-26			0			
952.241			1.98074e-26			0			
952.414			2.00006e-26			0			
952.586			2.09668e-26			0			
952.759			2.11601e-26			0			
952.931			2.17398e-26			0			
953.103			2.21263e-26			0			
953.276			2.31891e-26			0			
953.448			2.32857e-26			0			
953.621			2.40587e-26			0			
953.793			2.39621e-26			0			
953.966			2.52182e-26			0			
954.138			2.57013e-26			0			
954.31			2.61844e-26			0			
954.483			2.67641e-26			0			
954.655			2.73438e-26			0			
954.828			2.80202e-26			0			
955			2.85999e-26			0			
955.172			2.88898e-26			0			
955.345			2.95661e-26			0			
955.517			3.07256e-26			0			
955.69			3.14019e-26			0			
955.862			3.1885e-26			0			
956.034			3.32377e-26			0			
956.207			3.38175e-26			0			
956.379			3.43972e-26			0			
956.552			3.51702e-26			0			
956.724			3.6233e-26			0			
956.897			3.71026e-26			0			
957.069			3.80688e-26			0			
957.241			3.81654e-26			0			
957.414			3.91316e-26			0			
957.586			4.03877e-26			0			
957.759			4.16438e-26			0			
957.931			4.24167e-26			0			
958.103			4.32863e-26			0			
958.276			4.38661e-26			0			
958.448			4.49289e-26			0			
958.621			4.66681e-26			0			
958.793			4.77309e-26			0			
958.966			4.86971e-26			0			
959.138			4.94701e-26			0			
959.31			5.02431e-26			0			
959.483			5.14991e-26			0			
959.655			5.32383e-26			0			
959.828			5.48809e-26			0			
960			5.55572e-26			0			
960.172			5.64268e-26			0			
960.345			5.80694e-26			0			
960.517			5.93255e-26			0			
960.69			6.02917e-26			0			
960.862			6.14511e-26			0			
961.034			6.29971e-26			0			
961.207			6.38667e-26			0			
961.379			6.56059e-26			0			
961.552			6.70552e-26			0			
961.724			6.8118e-26			0			
961.897			6.99538e-26			0			
962.069			7.092e-26			0			
962.241			7.23693e-26			0			
962.414			7.38187e-26			0			
962.586			7.54612e-26			0			
962.759			7.61376e-26			0			
962.931			7.73937e-26			0			
963.103			7.84565e-26			0			
963.276			8.03889e-26			0			
963.448			8.19349e-26			0			
963.621			8.30943e-26			0			
963.793			8.4447e-26			0			
963.966			8.60896e-26			0			
964.138			8.7249e-26			0			
964.31			8.89882e-26			0			
964.483			8.95679e-26			0			
964.655			9.12105e-26			0			
964.828			9.30463e-26			0			
965			9.41091e-26			0			
965.172			9.55585e-26			0			
965.345			9.66213e-26			0			
965.517			9.85537e-26			0			
965.69			9.95199e-26			0			
965.862			1.00486e-25			0			
966.034			1.02419e-25			0			
966.207			1.03385e-25			0			
966.379			1.04351e-25			0			
966.552			1.0725e-25			0			
966.724			1.0725e-25			0			
966.897			1.08216e-25			0			
967.069			1.10148e-25			0			
967.241			1.11114e-25			0			
967.414			1.13047e-25			0			
967.586			1.14013e-25			0			
967.759			1.14979e-25			0			
967.931			1.16912e-25			0			
968.103			1.17878e-25			0			
968.276			1.18844e-25			0			
968.448			1.1981e-25			0			
968.621			1.21743e-25			0			
968.793			1.22709e-25			0			
968.966			1.23675e-25			0			
969.138			1.24641e-25			0			
969.31			1.26574e-25			0			
969.483			1.2754e-25			0			
969.655			1.29473e-25			0			
969.828			1.30439e-25			0			
970			1.31405e-25			0			
970.172			1.33337e-25			0			
970.345			1.34304e-25			0			
970.517			1.3527e-25			0			
970.69			1.37202e-25			0			
970.862			1.38168e-25			0			
971.034			1.40101e-25			0			
971.207			1.42033e-25			0			
971.379			1.43e-25			0			
971.552			1.43966e-25			0			
971.724			1.45898e-25			0			
971.897			1.47831e-25			0			
972.069			1.50729e-25			0			
972.241			1.50729e-25			0			
972.414			1.51695e-25			0			
972.586			1.54594e-25			0			
972.759			1.56526e-25			0			
972.931			1.58459e-25			0			
973.103			1.59425e-25			0			
973.276			1.61358e-25			0			
973.448			1.65222e-25			0			
973.621			1.66189e-25			0			
973.793			1.68121e-25			0			
973.966			1.70053e-25			0			
974.138			1.71986e-25			0			
974.31			1.74885e-25			0			
974.483			1.77783e-25			0			
974.655			1.79716e-25			0			
974.828			1.80682e-25			0			
975			1.8358e-25			0			
975.172			1.88412e-25			0			
975.345			1.90344e-25			0			
975.517			1.92276e-25			0			
975.69			1.94209e-25			0			
975.862			1.97107e-25			0			
976.034			2.01939e-25			0			
976.207			2.03871e-25			0			
976.379			2.07736e-25			0			
976.552			2.07736e-25			0			
976.724			2.09668e-25			0			
976.897			2.11601e-25			0			
977.069			2.13533e-25			0			
977.241			2.17398e-25			0			
977.414			2.17398e-25			0			
977.586			2.20297e-25			0			
977.759			2.22229e-25			0			
977.931			2.20297e-25			0			
978.103			2.23195e-25			0			
978.276			2.24161e-25			0			
978.448			2.23195e-25			0			
978.621			2.22229e-25			0			
978.793			2.20297e-25			0			
978.966			2.18364e-25			0			
979.138			2.15465e-25			0			
979.31			2.15465e-25			0			
979.483			2.10634e-25			0			
979.655			2.09668e-25			0			
979.828			2.04837e-25			0			
980			2.00006e-25			0			
980.172			1.98074e-25			0			
980.345			1.97107e-25			0			
980.517			1.9131e-25			0			
980.69			1.89378e-25			0			
980.862			1.85513e-25			0			
981.034			1.82614e-25			0			
981.207			1.78749e-25			0			
981.379			1.78749e-25			0			
981.552			1.72952e-25			0			
981.724			1.7102e-25			0			
981.897			1.67155e-25			0			
982.069			1.65222e-25			0			
982.241			1.6329e-25			0			
982.414			1.60391e-25			0			
982.586			1.58459e-25			0			
982.759			1.58459e-25			0			
982.931			1.56526e-25			0			
983.103			1.52662e-25			0			
983.276			1.50729e-25			0			
983.448			1.48797e-25			0			
983.621			1.48797e-25			0			
983.793			1.44932e-25			0			
983.966			1.42033e-25			0			
984.138			1.41067e-25			0			
984.31			1.38168e-25			0			
984.483			1.37202e-25			0			
984.655			1.33337e-25			0			
984.828			1.30439e-25			0			
985			1.28506e-25			0			
985.172			1.28506e-25			0			
985.345			1.24641e-25			0			
985.517			1.21743e-25			0			
985.69			1.1981e-25			0			
985.862			1.17878e-25			0			
986.034			1.15946e-25			0			
986.207			1.13047e-25			0			
986.379			1.13047e-25			0			
986.552			1.10148e-25			0			
986.724			1.0725e-25			0			
986.897			1.05317e-25			0			
987.069			1.05317e-25			0			
987.241			1.01452e-25			0			
987.414			9.95199e-26			0			
987.586			9.75875e-26			0			
987.759			9.75875e-26			0			
987.931			9.5172e-26			0			
988.103			9.31429e-26			0			
988.276			9.19835e-26			0			
988.448			9.04375e-26			0			
988.621			9.0051e-26			0			
988.793			8.89882e-26			0			
988.966			8.69592e-26			0			
989.138			8.51234e-26			0			
989.31			8.58963e-26			0			
989.483			8.42538e-26			0			
989.655			8.20315e-26			0			
989.828			8.05822e-26			0			
990			7.99058e-26			0			
990.172			7.84565e-26			0			
990.345			7.84565e-26			0			
990.517			7.83599e-26			0			
990.69			7.65241e-26			0			
990.862			7.50747e-26			0			
991.034			7.36254e-26			0			
991.207			7.29491e-26			0			
991.379			7.14031e-26			0			
991.552			7.2466e-26			0			
991.724			7.19829e-26			0			
991.897			7.01471e-26			0			
992.069			6.89876e-26			0			
992.241			6.79248e-26			0			
992.414			6.76349e-26			0			
992.586			6.68619e-26			0			
992.759			6.62822e-26			0			
992.931			6.55092e-26			0			
993.103			6.43498e-26			0			
993.276			6.32869e-26			0			
993.448			6.2514e-26			0			
993.621			6.19342e-26			0			
993.793			6.18376e-26			0			
993.966			6.05816e-26			0			
994.138			5.98086e-26			0			
994.31			6.00984e-26			0			
994.483			5.88424e-26			0			
994.655			5.76829e-26			0			
994.828			5.68133e-26			0			
995			5.59437e-26			0			
995.172			5.5364e-26			0			
995.345			5.60404e-26			0			
995.517			5.51708e-26			0			
995.69			5.39147e-26			0			
995.862			5.37214e-26			0			
996.034			5.29485e-26			0			
996.207			5.12093e-26			0			
996.379			5.08228e-26			0			
996.552			5.01465e-26			0			
996.724			4.94701e-26			0			
996.897			4.94701e-26			0			
997.069			4.86971e-26			0			
997.241			4.93735e-26			0			
997.414			4.73444e-26			0			
997.586			4.6185e-26			0			
997.759			4.56053e-26			0			
997.931			4.56053e-26			0			
998.103			4.5412e-26			0			
998.276			4.4639e-26			0			
998.448			4.34796e-26			0			
998.621			4.28032e-26			0			
998.793			4.27066e-26			0			
998.966			4.21269e-26			0			
999.138			4.1837e-26			0			
999.31			4.22235e-26			0			
999.483			4.12573e-26			0			
999.655			4.13539e-26			0			
999.828			3.88418e-26			0			
1000			3.88418e-26			0			
1000.17			3.81654e-26			0			
1000.34			3.86485e-26			0			
1000.52			3.86485e-26			0			
1000.69			3.77789e-26			0			
1000.86			3.68127e-26			0			
1001.03			3.67161e-26			0			
1001.21			3.61364e-26			0			
1001.38			3.56533e-26			0			
1001.55			3.48803e-26			0			
1001.72			3.39141e-26			0			
1001.9			3.30445e-26			0			
1002.07			3.32377e-26			0			
1002.24			3.37208e-26			0			
1002.41			3.33343e-26			0			
1002.59			3.2658e-26			0			
1002.76			3.15952e-26			0			
1002.93			3.08222e-26			0			
1003.1			3.05323e-26			0			
1003.28			2.95661e-26			0			
1003.45			2.92763e-26			0			
1003.62			2.9856e-26			0			
1003.79			2.9856e-26			0			
1003.97			2.96627e-26			0			
1004.14			2.82134e-26			0			
1004.31			2.77303e-26			0			
1004.48			2.73438e-26			0			
1004.66			2.7054e-26			0			
1004.83			2.76337e-26			0			
1005			2.75371e-26			0			
1005.17			2.72472e-26			0			
1005.34			2.50249e-26			0			
1005.52			2.48317e-26			0			
1005.69			2.35756e-26			0			
1005.86			2.43486e-26			0			
1006.03			2.47351e-26			0			
1006.21			2.43486e-26			0			
1006.38			2.32857e-26			0			
1006.55			2.21263e-26			0			
1006.72			2.14499e-26			0			
1006.9			2.14499e-26			0			
1007.07			2.18364e-26			0			
1007.24			2.22229e-26			0			
1007.41			2.20297e-26			0			
1007.59			2.10634e-26			0			
1007.76			1.92276e-26			0			
1007.93			1.90344e-26			0			
1008.1			1.92276e-26			0			
1008.28			1.95175e-26			0			
1008.45			1.96141e-26			0			
1008.62			1.86479e-26			0			
1008.79			1.82614e-26			0			
1008.97			1.74885e-26			0			
1009.14			1.70053e-26			0			
1009.31			1.70053e-26			0			
1009.48			1.70053e-26			0			
1009.66			1.66189e-26			0			
1009.83			1.64256e-26			0			
1010			1.60391e-26			0			
1010.17			1.57493e-26			0			
1010.34			1.51695e-26			0			
1010.52			1.49763e-26			0			
1010.69			1.47831e-26			0			
1010.86			1.49763e-26			0			
1011.03			1.45898e-26			0			
1011.21			1.39135e-26			0			
1011.38			1.30439e-26			0			
1011.55			1.3527e-26			0			
1011.72			1.21743e-26			0			
1011.9			1.3527e-26			0			
1012.07			1.37202e-26			0			
1012.24			1.3527e-26			0			
1012.41			1.20777e-26			0			
1012.59			1.10148e-26			0			
1012.76			1.1981e-26			0			
1012.93			1.14013e-26			0			
1013.1			1.18844e-26			0			
1013.28			1.1981e-26			0			
1013.45			1.16912e-26			0			
1013.62			1.0725e-26			0			
1013.79			9.20801e-27			0			
1013.97			1.09182e-26			0			
1014.14			1.12081e-26			0			
1014.31			1.0725e-26			0			
1014.48			1.04351e-26			0			
1014.66			9.75875e-27			0			
1014.83			8.3674e-27			0			
1015			9.44956e-27			0			
1015.17			9.32395e-27			0			
1015.34			1.05317e-26			0			
1015.52			1.0725e-26			0			
1015.69			9.95199e-27			0			
1015.86			9.75875e-27			0			
1016.03			1.00486e-26			0			
1016.21			8.7249e-27			0			
1016.38			7.76835e-27			0			
1016.55			8.25146e-27			0			
1016.72			7.29491e-27			0			
1016.9			7.17896e-27			0			
1017.07			7.53646e-27			0			
1017.24			8.3674e-27			0			
1017.41			6.93741e-27			0			
1017.59			6.22241e-27			0			
1017.76			8.25146e-27			0			
1017.93			7.29491e-27			0			
1018.1			7.29491e-27			0			
1018.28			6.8118e-27			0			
1018.45			5.98086e-27			0			
1018.62			5.7393e-27			0			
1018.79			6.33836e-27			0			
1018.97			6.22241e-27			0			
1019.14			5.62336e-27			0			
1019.31			6.22241e-27			0			
1019.48			7.65241e-27			0			
1019.66			7.89396e-27			0			
1019.83			7.29491e-27			0			
1020			7.41085e-27			0			
1020.17			5.49775e-27			0			
1020.34			4.66681e-27			0			
1020.52			5.49775e-27			0			
1020.69			5.62336e-27			0			
1020.86			6.33836e-27			0			
1021.03			5.7393e-27			0			
1021.21			5.38181e-27			0			
1021.38			4.78275e-27			0			
1021.55			4.5412e-27			0			
1021.72			6.22241e-27			0			
1021.9			4.66681e-27			0			
1022.07			5.49775e-27			0			
1022.24			5.49775e-27			0			
1022.41			5.14025e-27			0			
1022.59			5.7393e-27			0			
1022.76			4.1837e-27			0			
1022.93			5.85525e-27			0			
1023.1			5.14025e-27			0			
1023.28			5.14025e-27			0			
1023.45			5.14025e-27			0			
1023.62			5.14025e-27			0			
1023.79			5.02431e-27			0			
1023.97			4.8987e-27			0			
1024.14			4.5412e-27			0			
1024.31			4.66681e-27			0			
1024.48			4.66681e-27			0			
1024.66			4.5412e-27			0			
1024.83			5.49775e-27			0			
1025			4.1837e-27			0			
1025.17			2.75371e-27			0			
1025.34			3.4687e-27			0			
1025.52			3.58465e-27			0			
1025.69			4.42526e-27			0			
1025.86			3.4687e-27			0			
1026.03			3.4687e-27			0			
1026.21			4.5412e-27			0			
1026.38			4.1837e-27			0			
1026.55			4.30931e-27			0			
1026.72			3.8262e-27			0			
1026.9			4.1837e-27			0			
1027.07			4.1837e-27			0			
1027.24			4.06776e-27			0			
1027.41			3.8262e-27			0			
1027.59			3.8262e-27			0			
1027.76			3.8262e-27			0			
1027.93			3.94215e-27			0			
1028.1			3.94215e-27			0			
1028.28			4.06776e-27			0			
1028.45			3.35276e-27			0			
1028.62			3.71026e-27			0			
1028.79			4.30931e-27			0			
1028.97			3.8262e-27			0			
1029.14			3.71026e-27			0			
1029.31			4.66681e-27			0			
1029.48			3.35276e-27			0			
1029.66			2.75371e-27			0			
1029.83			3.4687e-27			0			
1030			3.4687e-27			0			
1420			2.84984e-26			2.07557e-27			
1420.34			2.98646e-26			2.19222e-27			
1420.69			3.02062e-26			2.23551e-27			
1421.03			3.05341e-26			2.2788e-27			
1421.38			3.08756e-26			2.32329e-27			
1421.72			3.15587e-26			2.39304e-27			
1422.07			3.12171e-26			2.38703e-27			
1422.41			3.19002e-26			2.45918e-27			
1422.76			3.25833e-26			2.53253e-27			
1423.1			3.25833e-26			2.55297e-27			
1423.45			3.29112e-26			2.60108e-27			
1423.79			3.35943e-26			2.67563e-27			
1424.14			3.42774e-26			2.75259e-27			
1424.48			3.42774e-26			2.77544e-27			
1424.83			3.52883e-26			2.88127e-27			
1425.17			3.59714e-26			2.96063e-27			
1425.52			3.6313e-26			3.01354e-27			
1425.86			3.66545e-26			3.06646e-27			
1426.21			3.69824e-26			3.11937e-27			
1426.55			3.76655e-26			3.20234e-27			
1426.9			3.8007e-26			3.25886e-27			
1427.24			3.9018e-26			3.3731e-27			
1427.59			3.86901e-26			3.3707e-27			
1427.93			3.9018e-26			3.42842e-27			
1428.28			4.03842e-26			3.57633e-27			
1428.62			4.07257e-26			3.63525e-27			
1428.97			4.10536e-26			3.69658e-27			
1429.31			4.13952e-26			3.75671e-27			
1429.66			4.20782e-26			3.8493e-27			
1430			4.24198e-26			3.91184e-27			
1430.34			4.30892e-26			4.00684e-27			
1430.69			4.37723e-26			4.10304e-27			
1431.03			4.41138e-26			4.16797e-27			
1431.38			4.44554e-26			4.23411e-27			
1431.72			4.58079e-26			4.39886e-27			
1432.07			4.58079e-26			4.43494e-27			
1432.41			4.68325e-26			4.56962e-27			
1432.76			4.7502e-26			4.67424e-27			
1433.1			4.81851e-26			4.77886e-27			
1433.45			4.88681e-26			4.88589e-27			
1433.79			4.92097e-26			4.95924e-27			
1434.14			4.98791e-26			5.06867e-27			
1434.48			5.12453e-26			5.24785e-27			
1434.83			5.15732e-26			5.32601e-27			
1435.17			5.22563e-26			5.43905e-27			
1435.52			5.29394e-26			5.55449e-27			
1435.86			5.39503e-26			5.70722e-27			
1436.21			5.4975e-26			5.86234e-27			
1436.55			5.5658e-26			5.98139e-27			
1436.9			5.63275e-26			6.10405e-27			
1437.24			5.70106e-26			6.22671e-27			
1437.59			5.80215e-26			6.38905e-27			
1437.93			5.87046e-26			6.51532e-27			
1438.28			5.93877e-26			6.64399e-27			
1438.62			6.00571e-26			6.77386e-27			
1438.97			6.14233e-26			6.9831e-27			
1439.31			6.24343e-26			7.15506e-27			
1439.66			6.27758e-26			7.25247e-27			
1440			6.38005e-26			7.42804e-27			
1440.34			6.48114e-26			7.60601e-27			
1440.69			6.58361e-26			7.7888e-27			
1441.03			6.71886e-26			8.01247e-27			
1441.38			6.78717e-26			8.15918e-27			
1441.72			6.99073e-26			8.46943e-27			
1442.07			7.05767e-26			8.62215e-27			
1442.41			7.19429e-26			8.85665e-27			
1442.76			7.32954e-26			9.09715e-27			
1443.1			7.32954e-26			9.1681e-27			
1443.45			7.5331e-26			9.5e-27			
1443.79			7.60141e-26			9.65994e-27			
1444.14			7.7025e-26			9.86918e-27			
1444.48			7.80497e-26			1.00784e-26			
1444.83			7.94022e-26			1.03358e-26			
1445.17			8.04268e-26			1.0551e-26			
1445.52			8.17793e-26			1.08156e-26			
1445.86			8.31319e-26			1.10813e-26			
1446.21			8.4498e-26			1.13531e-26			
1446.55			8.58505e-26			1.16261e-26			
1446.9			8.68752e-26			1.18582e-26			
1447.24			8.75446e-26			1.20494e-26			
1447.59			8.89108e-26			1.23259e-26			
1447.93			8.95802e-26			1.25184e-26			
1448.28			9.09464e-26			1.2819e-26			
1448.62			9.2982e-26			1.32038e-26			
1448.97			9.46761e-26			1.35525e-26			
1449.31			9.5687e-26			1.38051e-26			
1449.66			9.70532e-26			1.41177e-26			
1450			9.90888e-26			1.45266e-26			
1450.34			9.97719e-26			1.4731e-26			
1450.69			1.01466e-25			1.51038e-26			
1451.03			1.0316e-25			1.54766e-26			
1451.38			1.04854e-25			1.58614e-26			
1451.72			1.05537e-25			1.60899e-26			
1452.07			1.07914e-25			1.65829e-26			
1452.41			1.09267e-25			1.69196e-26			
1452.76			1.10961e-25			1.73165e-26			
1453.1			1.12655e-25			1.77133e-26			
1453.45			1.14363e-25			1.81342e-26			
1453.79			1.15715e-25			1.84829e-26			
1454.14			1.17409e-25			1.89038e-26			
1454.48			1.19445e-25			1.93848e-26			
1454.83			1.21139e-25			1.98177e-26			
1455.17			1.22505e-25			2.01905e-26			
1455.52			1.24882e-25			2.07437e-26			
1455.86			1.26576e-25			2.11886e-26			
1456.21			1.2827e-25			2.16456e-26			
1456.55			1.30647e-25			2.22228e-26			
1456.9			1.32e-25			2.26316e-26			
1457.24			1.34719e-25			2.3269e-26			
1457.59			1.36071e-25			2.36899e-26			
1457.93			1.3812e-25			2.4231e-26			
1458.28			1.40443e-25			2.48443e-26			
1458.62			1.42219e-25			2.53373e-26			
1458.97			1.44268e-25			2.59025e-26			
1459.31			1.46318e-25			2.64797e-26			
1459.66			1.4823e-25			2.7057e-26			
1460			1.50689e-25			2.77063e-26			
1460.34			1.52055e-25			2.81633e-26			
1460.69			1.53695e-25			2.87044e-26			
1461.03			1.56427e-25			2.9438e-26			
1461.38			1.58477e-25			3.00513e-26			
1461.72			1.60526e-25			3.06766e-26			
1462.07			1.63258e-25			3.14342e-26			
1462.41			1.65307e-25			3.20715e-26			
1462.76			1.67357e-25			3.27209e-26			
1463.1			1.69952e-25			3.35146e-26			
1463.45			1.72002e-25			3.41759e-26			
1463.79			1.74051e-25			3.48494e-26			
1464.14			1.761e-25			3.55348e-26			
1464.48			1.78149e-25			3.62203e-26			
1464.83			1.80882e-25			3.7062e-26			
1465.17			1.82521e-25			3.76994e-26			
1465.52			1.8498e-25			3.8481e-26			
1465.86			1.8703e-25			3.92025e-26			
1466.21			1.89352e-25			4.00203e-26			
1466.55			1.91675e-25			4.08259e-26			
1466.9			1.93451e-25			4.15114e-26			
1467.24			1.96456e-25			4.24854e-26			
1467.59			1.98232e-25			4.31949e-26			
1467.93			2.00828e-25			4.41089e-26			
1468.28			2.02877e-25			4.49146e-26			
1468.62			2.05336e-25			4.57804e-26			
1468.97			2.07659e-25			4.66703e-26			
1469.31			2.09708e-25			4.7488e-26			
1469.66			2.1244e-25			4.84741e-26			
1470			2.1449e-25			4.93158e-26			
1470.34			2.16539e-25			5.01576e-26			
1470.69			2.18862e-25			5.11076e-26			
1471.03			2.20638e-25			5.18892e-26			
1471.38			2.2255e-25			5.27791e-26			
1471.72			2.25283e-25			5.38253e-26			
1472.07			2.27742e-25			5.48234e-26			
1472.41			2.29791e-25			5.57253e-26			
1472.76			2.31704e-25			5.66633e-26			
1473.1			2.34163e-25			5.76734e-26			
1473.45			2.36212e-25			5.86234e-26			
1473.79			2.37168e-25			5.93209e-26			
1474.14			2.39901e-25			6.04633e-26			
1474.48			2.41677e-25			6.13532e-26			
1474.83			2.43999e-25			6.24354e-26			
1475.17			2.45639e-25			6.33494e-26			
1475.52			2.47688e-25			6.43715e-26			
1475.86			2.49464e-25			6.52975e-26			
1476.21			2.51513e-25			6.63316e-26			
1476.55			2.53153e-25			6.72816e-26			
1476.9			2.55202e-25			6.83519e-26			
1477.24			2.57251e-25			6.94101e-26			
1477.59			2.5889e-25			7.04082e-26			
1477.93			2.6094e-25			7.15025e-26			
1478.28			2.62306e-25			7.24285e-26			
1478.62			2.64355e-25			7.35348e-26			
1478.97			2.65995e-25			7.4581e-26			
1479.31			2.68044e-25			7.57114e-26			
1479.66			2.6982e-25			7.67816e-26			
1480			2.71459e-25			7.78399e-26			
1480.34			2.73235e-25			7.89101e-26			
1480.69			2.74192e-25			7.9812e-26			
1481.03			2.76241e-25			8.10146e-26			
1481.38			2.77607e-25			8.20367e-26			
1481.72			2.79247e-25			8.31551e-26			
1482.07			2.80613e-25			8.42013e-26			
1482.41			2.82662e-25			8.54399e-26			
1482.76			2.84028e-25			8.65101e-26			
1483.1			2.85668e-25			8.76766e-26			
1483.45			2.87034e-25			8.87709e-26			
1483.79			2.884e-25			8.98532e-26			
1484.14			2.90176e-25			9.10677e-26			
1484.48			2.91132e-25			9.20658e-26			
1484.83			2.92908e-25			9.33165e-26			
1485.17			2.94274e-25			9.44468e-26			
1485.52			2.95504e-25			9.56013e-26			
1485.86			2.9687e-25			9.67557e-26			
1486.21			2.97963e-25			9.78259e-26			
1486.55			2.99603e-25			9.91127e-26			
1486.9			3.00696e-25			1.00219e-25			
1487.24			3.01652e-25			1.01301e-25			
1487.59			3.03018e-25			1.02528e-25			
1487.93			3.04111e-25			1.03634e-25			
1488.28			3.05341e-25			1.04897e-25			
1488.62			3.06707e-25			1.06135e-25			
1488.97			3.078e-25			1.07302e-25			
1489.31			3.09166e-25			1.08565e-25			
1489.66			3.09849e-25			1.09635e-25			
1490			3.10805e-25			1.10801e-25			
1490.34			3.11488e-25			1.11872e-25			
1490.69			3.12854e-25			1.13206e-25			
1491.03			3.14221e-25			1.14541e-25			
1491.38			3.15314e-25			1.1578e-25			
1491.72			3.1586e-25			1.16886e-25			
1492.07			3.16953e-25			1.18149e-25			
1492.41			3.17636e-25			1.19279e-25			
1492.76			3.18319e-25			1.20494e-25			
1493.1			3.19685e-25			1.21816e-25			
1493.45			3.20368e-25			1.23019e-25			
1493.79			3.20642e-25			1.24101e-25			
1494.14			3.22008e-25			1.25544e-25			
1494.48			3.22691e-25			1.26747e-25			
1494.83			3.23101e-25			1.27829e-25			
1495.17			3.23784e-25			1.29032e-25			
1495.52			3.2515e-25			1.30475e-25			
1495.86			3.25833e-25			1.31797e-25			
1496.21			3.2638e-25			1.33e-25			
1496.55			3.27063e-25			1.34323e-25			
1496.9			3.27746e-25			1.35525e-25			
1497.24			3.28429e-25			1.36848e-25			
1497.59			3.29112e-25			1.38171e-25			
1497.93			3.29795e-25			1.39494e-25			
1498.28			3.30478e-25			1.40816e-25			
1498.62			3.31844e-25			1.4238e-25			
1498.97			3.32254e-25			1.43582e-25			
1499.31			3.33211e-25			1.45146e-25			
1499.66			3.33894e-25			1.46468e-25			
1500			3.3526e-25			1.48152e-25			
1500.34			3.3526e-25			1.49234e-25			
1500.69			3.36353e-25			1.50797e-25			
1501.03			3.36899e-25			1.52241e-25			
1501.38			3.37582e-25			1.53684e-25			
1501.72			3.38948e-25			1.55367e-25			
1502.07			3.39632e-25			1.5693e-25			
1502.41			3.40315e-25			1.58373e-25			
1502.76			3.41681e-25			1.60177e-25			
1503.1			3.43047e-25			1.61981e-25			
1503.45			3.43457e-25			1.63304e-25			
1503.79			3.44823e-25			1.65108e-25			
1504.14			3.45506e-25			1.66671e-25			
1504.48			3.46462e-25			1.68475e-25			
1504.83			3.47829e-25			1.70399e-25			
1505.17			3.48785e-25			1.72082e-25			
1505.52			3.50151e-25			1.74006e-25			
1505.86			3.51244e-25			1.7581e-25			
1506.21			3.522e-25			1.77614e-25			
1506.55			3.53976e-25			1.79778e-25			
1506.9			3.54933e-25			1.81582e-25			
1507.24			3.56982e-25			1.83987e-25			
1507.59			3.57938e-25			1.85911e-25			
1507.93			3.59988e-25			1.88316e-25			
1508.28			3.61354e-25			1.90361e-25			
1508.62			3.6272e-25			1.92525e-25			
1508.97			3.64496e-25			1.9481e-25			
1509.31			3.66545e-25			1.97335e-25			
1509.66			3.68185e-25			1.99741e-25			
1510			3.70507e-25			2.02386e-25			
1510.34			3.72283e-25			2.04791e-25			
1510.69			3.74332e-25			2.07437e-25			
1511.03			3.76655e-25			2.10323e-25			
1511.38			3.78977e-25			2.13209e-25			
1511.72			3.81437e-25			2.15975e-25			
1512.07			3.83486e-25			2.18741e-25			
1512.41			3.86218e-25			2.21867e-25			
1512.76			3.88267e-25			2.24753e-25			
1513.1			3.91273e-25			2.2812e-25			
1513.45			3.94005e-25			2.31367e-25			
1513.79			3.96055e-25			2.34253e-25			
1514.14			3.9906e-25			2.37741e-25			
1514.48			4.01793e-25			2.41108e-25			
1514.83			4.05481e-25			2.45196e-25			
1515.17			4.08623e-25			2.48804e-25			
1515.52			4.12312e-25			2.52892e-25			
1515.86			4.15045e-25			2.5638e-25			
1516.21			4.19416e-25			2.60949e-25			
1516.55			4.22422e-25			2.64797e-25			
1516.9			4.25837e-25			2.68886e-25			
1517.24			4.30892e-25			2.73937e-25			
1517.59			4.34308e-25			2.78146e-25			
1517.93			4.39772e-25			2.83677e-25			
1518.28			4.43871e-25			2.88367e-25			
1518.62			4.50019e-25			2.9438e-25			
1518.97			4.54664e-25			2.99671e-25			
1519.31			4.61495e-25			3.06285e-25			
1519.66			4.67642e-25			3.12658e-25			
1520			4.7502e-25			3.19873e-25			
1520.34			4.81167e-25			3.26367e-25			
1520.69			4.89365e-25			3.34304e-25			
1521.03			4.96469e-25			3.41519e-25			
1521.38			5.01933e-25			3.47772e-25			
1521.72			5.09994e-25			3.55949e-25			
1522.07			5.17781e-25			3.64006e-25			
1522.41			5.2871e-25			3.74228e-25			
1522.76			5.38137e-25			3.83728e-25			
1523.1			5.4975e-25			3.94791e-25			
1523.45			5.59176e-25			4.04532e-25			
1523.79			5.6833e-25			4.14032e-25			
1524.14			5.80898e-25			4.26297e-25			
1524.48			5.90735e-25			4.36519e-25			
1524.83			6.02621e-25			4.48544e-25			
1525.17			6.11774e-25			4.58525e-25			
1525.52			6.22294e-25			4.69829e-25			
1525.86			6.31857e-25			4.80291e-25			
1526.21			6.4101e-25			4.90873e-25			
1526.55			6.48114e-25			4.99772e-25			
1526.9			6.54262e-25			5.0819e-25			
1527.24			6.6e-25			5.16247e-25			
1527.59			6.66148e-25			5.24785e-25			
1527.93			6.72842e-25			5.33804e-25			
1528.28			6.75984e-25			5.40177e-25			
1528.62			6.80083e-25			5.47152e-25			
1528.97			6.82405e-25			5.53044e-25			
1529.31			6.82815e-25			5.57253e-25			
1529.66			6.83771e-25			5.62063e-25			
1530			6.84455e-25			5.66633e-25			
1530.34			6.84728e-25			5.70842e-25			
1530.69			6.82132e-25			5.72646e-25			
1531.03			6.78034e-25			5.73247e-25			
1531.38			6.73935e-25			5.73848e-25			
1531.72			6.67787e-25			5.72646e-25			
1532.07			6.6e-25			5.7e-25			
1532.41			6.5153e-25			5.66633e-25			
1532.76			6.43059e-25			5.63266e-25			
1533.1			6.30491e-25			5.56051e-25			
1533.45			6.19971e-25			5.50759e-25			
1533.79			6.08085e-25			5.43905e-25			
1534.14			5.92511e-25			5.33804e-25			
1534.48			5.78576e-25			5.24905e-25			
1534.83			5.60952e-25			5.12519e-25			
1535.17			5.4729e-25			5.0362e-25			
1535.52			5.30077e-25			4.91114e-25			
1535.86			5.16825e-25			4.82215e-25			
1536.21			5.04529e-25			4.74158e-25			
1536.55			4.93736e-25			4.67184e-25			
1536.9			4.82943e-25			4.60209e-25			
1537.24			4.70375e-25			4.5131e-25			
1537.59			4.60538e-25			4.45057e-25			
1537.93			4.50702e-25			4.38563e-25			
1538.28			4.43461e-25			4.34715e-25			
1538.62			4.35401e-25			4.29665e-25			
1538.97			4.29936e-25			4.2738e-25			
1539.31			4.23105e-25			4.23532e-25			
1539.66			4.19143e-25			4.22449e-25			
1540			4.13678e-25			4.19804e-25			
1540.34			4.10263e-25			4.19203e-25			
1540.69			4.07257e-25			4.19082e-25			
1541.03			4.03432e-25			4.1812e-25			
1541.38			4.007e-25			4.18241e-25			
1541.72			3.97011e-25			4.17158e-25			
1542.07			3.94962e-25			4.18e-25			
1542.41			3.88267e-25			4.13671e-25			
1542.76			3.89497e-25			4.18e-25			
1543.1			3.86218e-25			4.17278e-25			
1543.45			3.84169e-25			4.18e-25			
1543.79			3.81437e-25			4.1788e-25			
1544.14			3.77748e-25			4.16677e-25			
1544.48			3.75289e-25			4.16918e-25			
1544.83			3.71873e-25			4.16076e-25			
1545.17			3.68868e-25			4.15475e-25			
1545.52			3.65179e-25			4.14272e-25			
1545.86			3.62447e-25			4.13911e-25			
1546.21			3.59031e-25			4.12949e-25			
1546.55			3.55616e-25			4.11867e-25			
1546.9			3.52883e-25			4.11627e-25			
1547.24			3.48785e-25			4.09703e-25			
1547.59			3.45779e-25			4.08861e-25			
1547.93			3.41681e-25			4.06816e-25			
1548.28			3.38675e-25			4.06095e-25			
1548.62			3.34987e-25			4.04291e-25			
1548.97			3.32527e-25			4.04291e-25			
1549.31			3.28156e-25			4.01646e-25			
1549.66			3.2515e-25			4.00684e-25			
1550			3.21735e-25			3.99241e-25			
1550.34			3.18319e-25			3.97677e-25			
1550.69			3.15587e-25			3.97076e-25			
1551.03			3.12171e-25			3.95513e-25			
1551.38			3.09439e-25			3.94791e-25			
1551.72			3.0575e-25			3.92747e-25			
1552.07			3.03018e-25			3.91905e-25			
1552.41			2.99329e-25			3.89741e-25			
1552.76			2.9687e-25			3.8938e-25			
1553.1			2.93182e-25			3.87095e-25			
1553.45			2.90449e-25			3.86133e-25			
1553.79			2.88127e-25			3.85652e-25			
1554.14			2.84711e-25			3.83728e-25			
1554.48			2.82389e-25			3.83127e-25			
1554.83			2.78973e-25			3.81082e-25			
1555.17			2.76241e-25			3.8e-25			
1555.52			2.72826e-25			3.77956e-25			
1555.86			2.70503e-25			3.77114e-25			
1556.21			2.67088e-25			3.7507e-25			
1556.55			2.64628e-25			3.74228e-25			
1556.9			2.62306e-25			3.73386e-25			
1557.24			2.5889e-25			3.71101e-25			
1557.59			2.55885e-25			3.69297e-25			
1557.93			2.52743e-25			3.67373e-25			
1558.28			2.49737e-25			3.65449e-25			
1558.62			2.46322e-25			3.62924e-25			
1558.97			2.43316e-25			3.6088e-25			
1559.31			2.39627e-25			3.57753e-25			
1559.66			2.36212e-25			3.55108e-25			
1560			2.32113e-25			3.5138e-25			
1560.34			2.29108e-25			3.48975e-25			
1560.69			2.25966e-25			3.4681e-25			
1561.03			2.21867e-25			3.42842e-25			
1561.38			2.18178e-25			3.39354e-25			
1561.72			2.1408e-25			3.35266e-25			
1562.07			2.10391e-25			3.31658e-25			
1562.41			2.06019e-25			3.26968e-25			
1562.76			2.02604e-25			3.23722e-25			
1563.1			1.97822e-25			3.1831e-25			
1563.45			1.94817e-25			3.15544e-25			
1563.79			1.91401e-25			3.12177e-25			
1564.14			1.8703e-25			3.07006e-25			
1564.48			1.83614e-25			3.03519e-25			
1564.83			1.79516e-25			2.98829e-25			
1565.17			1.761e-25			2.95101e-25			
1565.52			1.71728e-25			2.8969e-25			
1565.86			1.68586e-25			2.86443e-25			
1566.21			1.64624e-25			2.81392e-25			
1566.55			1.61209e-25			2.77424e-25			
1566.9			1.58067e-25			2.74057e-25			
1567.24			1.54378e-25			2.69367e-25			
1567.59			1.51372e-25			2.6588e-25			
1567.93			1.47547e-25			2.6107e-25			
1568.28			1.44542e-25			2.57462e-25			
1568.62			1.40443e-25			2.5181e-25			
1568.97			1.3812e-25			2.49285e-25			
1569.31			1.34719e-25			2.44715e-25			
1569.66			1.31658e-25			2.40867e-25			
1570			1.2827e-25			2.36177e-25			
1570.34			1.25893e-25			2.33411e-25			
1570.69			1.23174e-25			2.29924e-25			
1571.03			1.20469e-25			2.26316e-25			
1571.38			1.18092e-25			2.2343e-25			
1571.72			1.15032e-25			2.18981e-25			
1572.07			1.12327e-25			2.15373e-25			
1572.41			1.09608e-25			2.11525e-25			
1572.76			1.07914e-25			2.09722e-25			
1573.1			1.04854e-25			2.05032e-25			
1573.45			1.02818e-25			2.02506e-25			
1573.79			1.00783e-25			1.99741e-25			
1574.14			9.87473e-26			1.97095e-25			
1574.48			9.67117e-26			1.94329e-25			
1574.83			9.3993e-26			1.9012e-25			
1575.17			9.22989e-26			1.87956e-25			
1575.52			9.06048e-26			1.85671e-25			
1575.86			8.85692e-26			1.82785e-25			
1576.21			8.65336e-26			1.79778e-25			
1576.55			8.51675e-26			1.78095e-25			
1576.9			8.38149e-26			1.76411e-25			
1577.24			8.21209e-26			1.74006e-25			
1577.59			8.07684e-26			1.72323e-25			
1577.93			7.90606e-26			1.69797e-25			
1578.28			7.77081e-26			1.67994e-25			
1578.62			7.63556e-26			1.6619e-25			
1578.97			7.5331e-26			1.64987e-25			
1579.31			7.39785e-26			1.63184e-25			
1579.66			7.26123e-26			1.61259e-25			
1580			7.12598e-26			1.59215e-25			
1580.34			7.02488e-26			1.58013e-25			
1580.69			6.92242e-26			1.5681e-25			
1581.03			6.85411e-26			1.56209e-25			
1581.38			6.6847e-26			1.53443e-25			
1581.72			6.61776e-26			1.52842e-25			
1582.07			6.54945e-26			1.52241e-25			
1582.41			6.41283e-26			1.50076e-25			
1582.76			6.31174e-26			1.48753e-25			
1583.1			6.24343e-26			1.48032e-25			
1583.45			6.14233e-26			1.46709e-25			
1583.79			6.07402e-26			1.45987e-25			
1584.14			6.00571e-26			1.45266e-25			
1584.48			5.93877e-26			1.44665e-25			
1584.83			5.83631e-26			1.43101e-25			
1585.17			5.80215e-26			1.43222e-25			
1585.52			5.76936e-26			1.43342e-25			
1585.86			5.70106e-26			1.425e-25			
1586.21			5.59859e-26			1.40937e-25			
1586.55			5.53165e-26			1.40095e-25			
1586.9			5.46334e-26			1.39373e-25			
1587.24			5.39503e-26			1.38532e-25			
1587.59			5.32809e-26			1.3769e-25			
1587.93			5.25978e-26			1.36848e-25			
1588.28			5.22563e-26			1.36848e-25			
1588.62			5.15732e-26			1.35886e-25			
1588.97			5.09037e-26			1.35044e-25			
1589.31			5.02207e-26			1.34082e-25			
1589.66			4.95376e-26			1.3312e-25			
1590			4.92097e-26			1.3312e-25			
1590.34			4.85266e-26			1.32158e-25			
1590.69			4.81851e-26			1.32038e-25			
1591.03			4.78435e-26			1.32038e-25			
1591.38			4.71741e-26			1.30956e-25			
1591.72			4.6491e-26			1.29994e-25			
1592.07			4.61495e-26			1.29873e-25			
1592.41			4.54664e-26			1.28791e-25			
1592.76			4.51385e-26			1.28671e-25			
1593.1			4.44554e-26			1.27589e-25			
1593.45			4.41138e-26			1.27348e-25			
1593.79			4.34308e-26			1.26266e-25			
1594.14			4.30892e-26			1.26146e-25			
1594.48			4.27613e-26			1.25905e-25			
1594.83			4.20782e-26			1.24703e-25			
1595.17			4.17367e-26			1.24582e-25			
1595.52			4.10536e-26			1.23259e-25			
1595.86			4.07257e-26			1.23139e-25			
1596.21			4.07257e-26			1.23861e-25			
1596.55			4.00426e-26			1.22658e-25			
1596.9			3.97011e-26			1.22418e-25			
1597.24			3.93596e-26			1.22057e-25			
1597.59			3.9018e-26			1.21816e-25			
1597.93			3.86901e-26			1.21576e-25			
1598.28			3.83486e-26			1.21335e-25			
1598.62			3.76655e-26			1.19916e-25			
1598.97			3.76655e-26			1.20734e-25			
1599.31			3.73239e-26			1.20373e-25			
1599.66			3.66545e-26			1.18978e-25			
1600			3.6313e-26			1.1863e-25			
1600.34			3.56299e-26			1.17163e-25			
1600.69			3.56299e-26			1.17932e-25			
1601.03			3.52883e-26			1.17559e-25			
1601.38			3.49468e-26			1.17187e-25			
1601.72			3.46189e-26			1.1679e-25			
1602.07			3.42774e-26			1.16405e-25			
1602.41			3.35943e-26			1.1483e-25			
1602.76			3.35943e-26			1.15587e-25			
1603.1			3.35943e-26			1.16321e-25			
1603.45			3.32527e-26			1.159e-25			
1603.79			3.25833e-26			1.14265e-25			
1604.14			3.22418e-26			1.13808e-25			
1604.48			3.25833e-26			1.15744e-25			
1604.83			3.22418e-26			1.15287e-25			
1605.17			3.15587e-26			1.13579e-25			
1605.52			3.12171e-26			1.13086e-25			
1605.86			3.12171e-26			1.13808e-25			
1606.21			3.08756e-26			1.13303e-25			
1606.55			3.02062e-26			1.11523e-25			
1606.9			3.02062e-26			1.12244e-25			
1607.24			2.95231e-26			1.10416e-25			
1607.59			2.91815e-26			1.09863e-25			
1607.93			2.95231e-26			1.11847e-25			
1608.28			2.884e-26			1.09984e-25			
1608.62			2.84984e-26			1.09382e-25			
1608.97			2.81706e-26			1.08781e-25			
1609.31			2.84984e-26			1.10789e-25			
1609.66			2.7829e-26			1.08853e-25			
1610			2.74875e-26			1.08204e-25			
1610.34			2.71459e-26			1.07542e-25			
1610.69			2.68044e-26			1.06893e-25			
1611.03			2.74875e-26			1.10284e-25			
1611.38			2.68044e-26			1.08264e-25			
1611.72			2.64628e-26			1.07566e-25			
1612.07			2.6135e-26			1.06881e-25			
1612.41			2.57934e-26			1.06159e-25			
1612.76			2.54519e-26			1.05438e-25			
1613.1			2.54519e-26			1.06099e-25			
1613.45			2.51103e-26			1.05366e-25			
1613.79			2.51103e-26			1.06027e-25			
1614.14			2.47688e-26			1.0527e-25			
1614.48			2.44272e-26			1.04488e-25			
1614.83			2.40994e-26			1.03694e-25			
1615.17			2.40994e-26			1.04344e-25			
1615.52			2.40994e-26			1.05017e-25			
1615.86			2.34163e-26			1.02708e-25			
1616.21			2.34163e-26			1.0337e-25			
1616.55			2.30747e-26			1.02504e-25			
1616.9			2.27332e-26			1.0165e-25			
1617.24			2.27332e-26			1.02287e-25			
1617.59			2.27332e-26			1.02949e-25			
1617.93			2.23916e-26			1.02047e-25			
1618.28			2.20638e-26			1.01145e-25			
1618.62			2.23916e-26			1.03346e-25			
1618.97			2.17222e-26			1.00856e-25			
1619.31			2.17222e-26			1.01494e-25			
1619.66			2.10391e-26			9.89443e-26			
1620			2.10391e-26			9.95696e-26			
